DAPR-2000--Digital_Audio_Essentials/Images/careers/careers-game-audio-pipeline-01.png	DAPR-2000--Digital_Audio_Essentials/Images/Careers/Careers__Game_Audio_Pipeline.png
DAPR-2000--Digital_Audio_Essentials/Images/careers/careers-live-sound-roles-01.png	DAPR-2000--Digital_Audio_Essentials/Images/Careers/Careers__Live_Sound_Roles.png
DAPR-2000--Digital_Audio_Essentials/Images/careers/careers-music-production-roles-01.png	DAPR-2000--Digital_Audio_Essentials/Images/Careers/Careers__Music_Production_Roles.png
DAPR-2000--Digital_Audio_Essentials/Images/careers/careers-pathway-map-01.png	DAPR-2000--Digital_Audio_Essentials/Images/Careers/Careers__Pathway_Map.png
DAPR-2000--Digital_Audio_Essentials/Images/careers/careers-post-production-roles-01.png	DAPR-2000--Digital_Audio_Essentials/Images/Careers/Careers__Post_Production_Roles.png
DAPR-2000--Digital_Audio_Essentials/Images/course-info/course-info-mac-disk-utility-erase-button-01.png	DAPR-2000--Digital_Audio_Essentials/Images/Course_Info/Course_Info__MAC_Disk_Utility_Erase_Button.png
DAPR-2000--Digital_Audio_Essentials/Images/course-info/course-info-mac-disk-utility-erase-menu-01.png	DAPR-2000--Digital_Audio_Essentials/Images/Course_Info/Course_Info__MAC_Disk_Utility_Erase_Menu.png
DAPR-2000--Digital_Audio_Essentials/Images/course-info/course-info-mac-disk-utility-show-all-devices-01.png	DAPR-2000--Digital_Audio_Essentials/Images/Course_Info/Course_Info__MAC_Disk_Utility_Show_All_Devices.png
DAPR-2000--Digital_Audio_Essentials/Images/course-info/course-info-mac-erase-exfat-01.png	DAPR-2000--Digital_Audio_Essentials/Images/Course_Info/Course_Info__MAC_Erase_Exfat.png
DAPR-2000--Digital_Audio_Essentials/Images/course-orientation/course-orientation-uvu-digital-media-logo-01.png	DAPR-2000--Digital_Audio_Essentials/Images/Course_Orientation/Course_Orientation__Uvu_Digital_Media_Logo.png
DAPR-2000--Digital_Audio_Essentials/Images/daw-eq-dynamics/daw-eq-dynamics-api-560-graphic-eq-01.png	DAPR-2000--Digital_Audio_Essentials/Images/DAW__EQ_and_Dynamics/DAW__EQ_and_Dynamics__Api_560_Graphic_EQ.png
DAPR-2000--Digital_Audio_Essentials/Images/daw-eq-dynamics/daw-eq-dynamics-bell-eq-or-parametric-eq-gain-01.png	DAPR-2000--Digital_Audio_Essentials/Images/DAW__EQ_and_Dynamics/DAW__EQ_and_Dynamics__Bell_EQ_or_Parametric_EQ_Gain.png
DAPR-2000--Digital_Audio_Essentials/Images/daw-eq-dynamics/daw-eq-dynamics-bell-eq-or-parametric-eq-plus-gain-01.png	DAPR-2000--Digital_Audio_Essentials/Images/DAW__EQ_and_Dynamics/DAW__EQ_and_Dynamics__Bell_EQ_or_Parametric_EQ_Plus_Gain.png
DAPR-2000--Digital_Audio_Essentials/Images/daw-eq-dynamics/daw-eq-dynamics-edit-tools-tool-quiz-01.png	DAPR-2000--Digital_Audio_Essentials/Images/DAW__EQ_and_Dynamics/DAW__EQ_and_Dynamics__Three_Tool_Group_Highlighted.png
DAPR-2000--Digital_Audio_Essentials/Images/daw-eq-dynamics/daw-eq-dynamics-edit-tools-tool-quiz-02.png	DAPR-2000--Digital_Audio_Essentials/Images/DAW__EQ_and_Dynamics/DAW__EQ_and_Dynamics__Magnifier_Zoom_Icon_Highlighted.png
DAPR-2000--Digital_Audio_Essentials/Images/daw-eq-dynamics/daw-eq-dynamics-edit-tools-tool-quiz-03.png	DAPR-2000--Digital_Audio_Essentials/Images/DAW__EQ_and_Dynamics/DAW__EQ_and_Dynamics__Trim_Arrows_Icon_Highlighted.png
DAPR-2000--Digital_Audio_Essentials/Images/daw-eq-dynamics/daw-eq-dynamics-edit-tools-tool-quiz-04.png	DAPR-2000--Digital_Audio_Essentials/Images/DAW__EQ_and_Dynamics/DAW__EQ_and_Dynamics__Waveform_Select_Icon_Highlighted.png
DAPR-2000--Digital_Audio_Essentials/Images/daw-eq-dynamics/daw-eq-dynamics-edit-tools-tool-quiz-05.png	DAPR-2000--Digital_Audio_Essentials/Images/DAW__EQ_and_Dynamics/DAW__EQ_and_Dynamics__Open_Hand_Icon_Highlighted.png
DAPR-2000--Digital_Audio_Essentials/Images/daw-eq-dynamics/daw-eq-dynamics-edit-tools-tool-quiz-06.png	DAPR-2000--Digital_Audio_Essentials/Images/DAW__EQ_and_Dynamics/DAW__EQ_and_Dynamics__Speaker_Scrub_Icon_Highlighted.png
DAPR-2000--Digital_Audio_Essentials/Images/daw-eq-dynamics/daw-eq-dynamics-edit-tools-tool-quiz-07.png	DAPR-2000--Digital_Audio_Essentials/Images/DAW__EQ_and_Dynamics/DAW__EQ_and_Dynamics__Pencil_Icon_Highlighted.png
DAPR-2000--Digital_Audio_Essentials/Images/daw-eq-dynamics/daw-eq-dynamics-eq-filter-slopes-01.svg	DAPR-2000--Digital_Audio_Essentials/Images/DAW__EQ_and_Dynamics/DAW__EQ_and_Dynamics__EQ_Filter_Slopes.svg
DAPR-2000--Digital_Audio_Essentials/Images/daw-eq-dynamics/daw-eq-dynamics-frequency-chart-01.png	DAPR-2000--Digital_Audio_Essentials/Images/DAW__EQ_and_Dynamics/DAW__EQ_and_Dynamics__Frequency_Chart.png
DAPR-2000--Digital_Audio_Essentials/Images/daw-eq-dynamics/daw-eq-dynamics-gml-8200-parametric-eq-01.png	DAPR-2000--Digital_Audio_Essentials/Images/DAW__EQ_and_Dynamics/DAW__EQ_and_Dynamics__Gml_8200_Parametric_EQ.png
DAPR-2000--Digital_Audio_Essentials/Images/daw-eq-dynamics/daw-eq-dynamics-high-pass-filter-01.png	DAPR-2000--Digital_Audio_Essentials/Images/DAW__EQ_and_Dynamics/DAW__EQ_and_Dynamics__High_Pass_Filter.png
DAPR-2000--Digital_Audio_Essentials/Images/daw-eq-dynamics/daw-eq-dynamics-high-shelving-eq-gain-01.png	DAPR-2000--Digital_Audio_Essentials/Images/DAW__EQ_and_Dynamics/DAW__EQ_and_Dynamics__High_Shelving_EQ_Gain.png
DAPR-2000--Digital_Audio_Essentials/Images/daw-eq-dynamics/daw-eq-dynamics-high-shelving-eq-plus-gain-01.png	DAPR-2000--Digital_Audio_Essentials/Images/DAW__EQ_and_Dynamics/DAW__EQ_and_Dynamics__High_Shelving_EQ_Plus_Gain.png
DAPR-2000--Digital_Audio_Essentials/Images/daw-eq-dynamics/daw-eq-dynamics-low-pass-filter-01.png	DAPR-2000--Digital_Audio_Essentials/Images/DAW__EQ_and_Dynamics/DAW__EQ_and_Dynamics__Low_Pass_Filter.png
DAPR-2000--Digital_Audio_Essentials/Images/daw-eq-dynamics/daw-eq-dynamics-low-shelving-eq-gain-01.png	DAPR-2000--Digital_Audio_Essentials/Images/DAW__EQ_and_Dynamics/DAW__EQ_and_Dynamics__Low_Shelving_EQ_Gain.png
DAPR-2000--Digital_Audio_Essentials/Images/daw-eq-dynamics/daw-eq-dynamics-low-shelving-eq-plus-gain-01.png	DAPR-2000--Digital_Audio_Essentials/Images/DAW__EQ_and_Dynamics/DAW__EQ_and_Dynamics__Low_Shelving_EQ_Plus_Gain.png
DAPR-2000--Digital_Audio_Essentials/Images/daw-eq-dynamics/daw-eq-dynamics-maag-eq4-air-band-01.png	DAPR-2000--Digital_Audio_Essentials/Images/DAW__EQ_and_Dynamics/DAW__EQ_and_Dynamics__Maag_Eq4_Air_Band.png
DAPR-2000--Digital_Audio_Essentials/Images/daw-eq-dynamics/daw-eq-dynamics-module-banner-01.png	DAPR-2000--Digital_Audio_Essentials/Images/DAW__EQ_and_Dynamics/DAW__EQ_and_Dynamics__Module_Banner.png
DAPR-2000--Digital_Audio_Essentials/Images/daw-eq-dynamics/daw-eq-dynamics-pro-tools-blank-edit-window-01.png	DAPR-2000--Digital_Audio_Essentials/Images/DAW__EQ_and_Dynamics/DAW__EQ_and_Dynamics__Pro_Tools_Blank_Edit_Window.png
DAPR-2000--Digital_Audio_Essentials/Images/daw-eq-dynamics/daw-eq-dynamics-pro-tools-blank-mix-window-01.png	DAPR-2000--Digital_Audio_Essentials/Images/DAW__EQ_and_Dynamics/DAW__EQ_and_Dynamics__Pro_Tools_Blank_Mix_Window.png
DAPR-2000--Digital_Audio_Essentials/Images/daw-eq-dynamics/daw-eq-dynamics-pro-tools-dashboard-key-01.png	DAPR-2000--Digital_Audio_Essentials/Images/DAW__EQ_and_Dynamics/DAW__EQ_and_Dynamics__Pro_Tools_Dashboard_Key.png
DAPR-2000--Digital_Audio_Essentials/Images/daw-eq-dynamics/daw-eq-dynamics-pro-tools-fader-and-meters-01.png	DAPR-2000--Digital_Audio_Essentials/Images/DAW__EQ_and_Dynamics/DAW__EQ_and_Dynamics__Pro_Tools_Fader_and_Meters.png
DAPR-2000--Digital_Audio_Essentials/Images/daw-eq-dynamics/daw-eq-dynamics-pro-tools-i-o-01.png	DAPR-2000--Digital_Audio_Essentials/Images/DAW__EQ_and_Dynamics/DAW__EQ_and_Dynamics__Pro_Tools_I-O.png
DAPR-2000--Digital_Audio_Essentials/Images/daw-eq-dynamics/daw-eq-dynamics-pro-tools-inserts-01.png	DAPR-2000--Digital_Audio_Essentials/Images/DAW__EQ_and_Dynamics/DAW__EQ_and_Dynamics__Pro_Tools_Inserts.png
DAPR-2000--Digital_Audio_Essentials/Images/daw-eq-dynamics/daw-eq-dynamics-pro-tools-panner-01.png	DAPR-2000--Digital_Audio_Essentials/Images/DAW__EQ_and_Dynamics/DAW__EQ_and_Dynamics__Pro_Tools_Panner.png
DAPR-2000--Digital_Audio_Essentials/Images/daw-eq-dynamics/daw-eq-dynamics-pro-tools-splash-screen-01.png	DAPR-2000--Digital_Audio_Essentials/Images/DAW__EQ_and_Dynamics/DAW__EQ_and_Dynamics__Pro_Tools_Splash_Screen.png
DAPR-2000--Digital_Audio_Essentials/Images/daw-eq-dynamics/daw-eq-dynamics-pro-tools-track-with-clip-01.png	DAPR-2000--Digital_Audio_Essentials/Images/DAW__EQ_and_Dynamics/DAW__EQ_and_Dynamics__Pro_Tools_Track_with_Clip.png
DAPR-2000--Digital_Audio_Essentials/Images/daw-eq-dynamics/daw-eq-dynamics-pro-tools-track-with-clip-labeled-01.png	DAPR-2000--Digital_Audio_Essentials/Images/DAW__EQ_and_Dynamics/DAW__EQ_and_Dynamics__Pro_Tools_Track_with_Clip_Labeled.png
DAPR-2000--Digital_Audio_Essentials/Images/daw-eq-dynamics/daw-eq-dynamics-pro-tools-transport-controls-01.png	DAPR-2000--Digital_Audio_Essentials/Images/DAW__EQ_and_Dynamics/DAW__EQ_and_Dynamics__Pro_Tools_Transport_Controls.png
DAPR-2000--Digital_Audio_Essentials/Images/daw-eq-dynamics/daw-eq-dynamics-the-anatomy-of-a-compressor-01.png	DAPR-2000--Digital_Audio_Essentials/Images/DAW__EQ_and_Dynamics/DAW__EQ_and_Dynamics__The_Anatomy_of_a_Compressor.png
DAPR-2000--Digital_Audio_Essentials/Images/daw-first-mix/daw-first-mix-drum-routing-example-01.png	DAPR-2000--Digital_Audio_Essentials/Images/DAW__First_Mix/DAW__First_Mix__Drum_Routing_Example.png
DAPR-2000--Digital_Audio_Essentials/Images/daw-first-mix/daw-first-mix-pro-tools-blank-mix-window-01.png	DAPR-2000--Digital_Audio_Essentials/Images/DAW__First_Mix/DAW__First_Mix__Pro_Tools_Blank_Mix_Window.png
DAPR-2000--Digital_Audio_Essentials/Images/daw-first-mix/daw-first-mix-pro-tools-hard-panned-channel-01.png	DAPR-2000--Digital_Audio_Essentials/Images/DAW__First_Mix/DAW__First_Mix__Pro_Tools_Hard_Panned_Channel.png
DAPR-2000--Digital_Audio_Essentials/Images/daw-first-mix/daw-first-mix-sends-aux-and-effects-01.png	DAPR-2000--Digital_Audio_Essentials/Images/DAW__First_Mix/DAW__First_Mix__Sends_Aux_and_Effects.png
DAPR-2000--Digital_Audio_Essentials/Images/daw-first-mix/daw-first-mix-three-checks-01.png	DAPR-2000--Digital_Audio_Essentials/Images/DAW__First_Mix/DAW__First_Mix__Three_Checks.png
DAPR-2000--Digital_Audio_Essentials/Images/digital-domain/digital-domain-bit-depth-ladder-01.png	DAPR-2000--Digital_Audio_Essentials/Images/Digital_Domain/Digital_Domain__Bit_Depth_Ladder.png
DAPR-2000--Digital_Audio_Essentials/Images/digital-domain/digital-domain-module-banner-01.png	DAPR-2000--Digital_Audio_Essentials/Images/Digital_Domain/Digital_Domain__Module_Banner.png
DAPR-2000--Digital_Audio_Essentials/Images/digital-domain/digital-domain-sampling-quantization-01.png	DAPR-2000--Digital_Audio_Essentials/Images/Digital_Domain/Digital_Domain__Sampling_Quantization.png
DAPR-2000--Digital_Audio_Essentials/Images/exams/exams-final-topic-map-01.png	DAPR-2000--Digital_Audio_Essentials/Images/Exams/Exams__Final_Topic_Map.png
DAPR-2000--Digital_Audio_Essentials/Images/microphones-characteristics/microphones-characteristics-mic-pattern-polar-chart-cardioid-labeled-01.png	DAPR-2000--Digital_Audio_Essentials/Images/Microphones__Characteristics/Microphones__Characteristics__Mic_Pattern_Polar_Chart_Cardioid_Labeled.png
DAPR-2000--Digital_Audio_Essentials/Images/microphones-characteristics/microphones-characteristics-module-banner-01.png	DAPR-2000--Digital_Audio_Essentials/Images/Microphones__Characteristics/Microphones__Characteristics__Module_Banner.png
DAPR-2000--Digital_Audio_Essentials/Images/microphones-characteristics/microphones-characteristics-polar-chart-supercardioid-labeled-01.png	DAPR-2000--Digital_Audio_Essentials/Images/Microphones__Characteristics/Microphones__Characteristics__Polar_Chart_Supercardioid_Labeled.png
DAPR-2000--Digital_Audio_Essentials/Images/microphones-characteristics/microphones-characteristics-polarpatterncomparison-01.jpg	DAPR-2000--Digital_Audio_Essentials/Images/Microphones__Characteristics/Microphones__Characteristics__Polarpatterncomparison.jpg
DAPR-2000--Digital_Audio_Essentials/Images/microphones-stereo-techniques/microphones-stereo-techniques-pro-tools-hard-panned-channel-01.png	DAPR-2000--Digital_Audio_Essentials/Images/Microphones__Stereo_Techniques/Microphones__Stereo_Techniques__Channel_Strip_with_Centered_Pan_Knobs.png
DAPR-2000--Digital_Audio_Essentials/Images/microphones-stereo-techniques/microphones-stereo-techniques-pro-tools-hard-panned-channel-02.png	DAPR-2000--Digital_Audio_Essentials/Images/Microphones__Stereo_Techniques/Microphones__Stereo_Techniques__Channel_Strip_with_Hard_Panned_Knobs.png
DAPR-2000--Digital_Audio_Essentials/Images/microphones-stereo-techniques/microphones-stereo-techniques-stereo-mic-techniques-01.jpg	DAPR-2000--Digital_Audio_Essentials/Images/Microphones__Stereo_Techniques/Microphones__Stereo_Techniques__Stereo_Mic_Techniques.jpg
DAPR-2000--Digital_Audio_Essentials/Images/microphones-stereo-techniques/microphones-stereo-techniques-stereo-recording-techniques-graphic4-01.jpg	DAPR-2000--Digital_Audio_Essentials/Images/Microphones__Stereo_Techniques/Microphones__Stereo_Techniques__Stereo_Recording_Techniques_Graphic4.jpg
DAPR-2000--Digital_Audio_Essentials/Images/microphones-stereo-techniques/microphones-stereo-techniques-xy-coincident-pair-01.jpeg	DAPR-2000--Digital_Audio_Essentials/Images/Microphones__Stereo_Techniques/Microphones__Stereo_Techniques__Xy_Coincident_Pair.jpg
DAPR-2000--Digital_Audio_Essentials/Images/mixing-mastering/mixing-mastering-automation-timeline-01.png	DAPR-2000--Digital_Audio_Essentials/Images/Mixing_and_Mastering/Mixing_and_Mastering__Automation_Timeline.png
DAPR-2000--Digital_Audio_Essentials/Images/mixing-mastering/mixing-mastering-loudness-ceiling-01.png	DAPR-2000--Digital_Audio_Essentials/Images/Mixing_and_Mastering/Mixing_and_Mastering__Loudness_Ceiling.png
DAPR-2000--Digital_Audio_Essentials/Images/mixing-mastering/mixing-mastering-mastering-chain-01.png	DAPR-2000--Digital_Audio_Essentials/Images/Mixing_and_Mastering/Mixing_and_Mastering__Mastering_Chain.png
DAPR-2000--Digital_Audio_Essentials/Images/mixing-mastering/mixing-mastering-mix-arc-01.png	DAPR-2000--Digital_Audio_Essentials/Images/Mixing_and_Mastering/Mixing_and_Mastering__Mix_Arc.png
DAPR-2000--Digital_Audio_Essentials/Images/mixing-mastering/mixing-mastering-module-banner-01.png	DAPR-2000--Digital_Audio_Essentials/Images/Mixing_and_Mastering/Mixing_and_Mastering__Module_Banner.png
DAPR-2000--Digital_Audio_Essentials/Images/mixing-mastering/mixing-mastering-sample-vs-true-peak-01.png	DAPR-2000--Digital_Audio_Essentials/Images/Mixing_and_Mastering/Mixing_and_Mastering__Sample_vs_True_Peak.png
DAPR-2000--Digital_Audio_Essentials/Images/monitoring-psychoacoustics/monitoring-psychoacoustics-equal-loudness-01.png	DAPR-2000--Digital_Audio_Essentials/Images/Monitoring_and_Psychoacoustics/Monitoring_and_Psychoacoustics__Equal_Loudness.png
DAPR-2000--Digital_Audio_Essentials/Images/monitoring-psychoacoustics/monitoring-psychoacoustics-module-banner-01.png	DAPR-2000--Digital_Audio_Essentials/Images/Monitoring_and_Psychoacoustics/Monitoring_and_Psychoacoustics__Module_Banner.png
DAPR-2000--Digital_Audio_Essentials/Images/monitoring-psychoacoustics/monitoring-psychoacoustics-monitor-triangle-01.jpg	DAPR-2000--Digital_Audio_Essentials/Images/Monitoring_and_Psychoacoustics/Monitoring_and_Psychoacoustics__Monitor_Triangle.jpg
DAPR-2000--Digital_Audio_Essentials/Images/monitoring-psychoacoustics/monitoring-psychoacoustics-sound-field-speaker-placement-01.png	DAPR-2000--Digital_Audio_Essentials/Images/Monitoring_and_Psychoacoustics/Monitoring_and_Psychoacoustics__Sound_Field_Speaker_Placement.png
DAPR-2000--Digital_Audio_Essentials/Images/pro-tools-introduction/pro-tools-introduction-dapr2000-protools-01-new-tracks-dialog-01.jpg	DAPR-2000--Digital_Audio_Essentials/Images/Pro_Tools_Introduction/Pro_Tools_Introduction__Dapr2000_Protools_01_New_Tracks_Dialog.jpg
DAPR-2000--Digital_Audio_Essentials/Images/pro-tools-introduction/pro-tools-introduction-dapr2000-protools-02-mix-window-sends-01.jpg	DAPR-2000--Digital_Audio_Essentials/Images/Pro_Tools_Introduction/Pro_Tools_Introduction__Dapr2000_Protools_02_Mix_Window_Sends.jpg
DAPR-2000--Digital_Audio_Essentials/Images/pro-tools-introduction/pro-tools-introduction-dapr2000-protools-02-mix-window-track-types-01.jpg	DAPR-2000--Digital_Audio_Essentials/Images/Pro_Tools_Introduction/Pro_Tools_Introduction__Dapr2000_Protools_02_Mix_Window_Track_Types.jpg
DAPR-2000--Digital_Audio_Essentials/Images/pro-tools-introduction/pro-tools-introduction-dapr2000-protools-03-edit-window-track-types-01.jpg	DAPR-2000--Digital_Audio_Essentials/Images/Pro_Tools_Introduction/Pro_Tools_Introduction__Dapr2000_Protools_03_Edit_Window_Track_Types.jpg
DAPR-2000--Digital_Audio_Essentials/Images/pro-tools-introduction/pro-tools-introduction-dapr2000-protools-04-io-setup-output-page-01.jpg	DAPR-2000--Digital_Audio_Essentials/Images/Pro_Tools_Introduction/Pro_Tools_Introduction__Dapr2000_Protools_04_IO_Setup_Output_Page.jpg
DAPR-2000--Digital_Audio_Essentials/Images/pro-tools-introduction/pro-tools-introduction-dapr2000-protools-05-io-setup-input-page-01.jpg	DAPR-2000--Digital_Audio_Essentials/Images/Pro_Tools_Introduction/Pro_Tools_Introduction__Dapr2000_Protools_05_IO_Setup_Input_Page.jpg
DAPR-2000--Digital_Audio_Essentials/Images/pro-tools-introduction/pro-tools-introduction-dapr2000-protools-06-io-setup-bus-page-01.jpg	DAPR-2000--Digital_Audio_Essentials/Images/Pro_Tools_Introduction/Pro_Tools_Introduction__Dapr2000_Protools_06_IO_Setup_Bus_Page.jpg
DAPR-2000--Digital_Audio_Essentials/Images/pro-tools-introduction/pro-tools-introduction-dapr2000-protools-07-window-menu-edit-and-mix-01.jpg	DAPR-2000--Digital_Audio_Essentials/Images/Pro_Tools_Introduction/Pro_Tools_Introduction__Dapr2000_Protools_07_Window_Menu_Edit_and_Mix.jpg
DAPR-2000--Digital_Audio_Essentials/Images/pro-tools-introduction/pro-tools-introduction-dapr2000-protools-08-edit-window-view-selector-01.jpg	DAPR-2000--Digital_Audio_Essentials/Images/Pro_Tools_Introduction/Pro_Tools_Introduction__Dapr2000_Protools_08_Edit_Window_View_Selector.jpg
DAPR-2000--Digital_Audio_Essentials/Images/pro-tools-introduction/pro-tools-introduction-dapr2000-protools-09-edit-modes-shuffle-slip-spot-grid-01.jpg	DAPR-2000--Digital_Audio_Essentials/Images/Pro_Tools_Introduction/Pro_Tools_Introduction__Dapr2000_Protools_09_Edit_Modes_Shuffle_Slip_Spot_Grid.jpg
DAPR-2000--Digital_Audio_Essentials/Images/pro-tools-introduction/pro-tools-introduction-dapr2000-protools-10-edit-toolbar-expanded-01.jpg	DAPR-2000--Digital_Audio_Essentials/Images/Pro_Tools_Introduction/Pro_Tools_Introduction__Dapr2000_Protools_10_Edit_Toolbar_Expanded.jpg
DAPR-2000--Digital_Audio_Essentials/Images/pro-tools-introduction/pro-tools-introduction-dapr2000-protools-11-edit-toolbar-standard-01.jpg	DAPR-2000--Digital_Audio_Essentials/Images/Pro_Tools_Introduction/Pro_Tools_Introduction__Dapr2000_Protools_11_Edit_Toolbar_Standard.jpg
DAPR-2000--Digital_Audio_Essentials/Images/pro-tools-introduction/pro-tools-introduction-dapr2000-protools-12-transport-window-controls-01.png	DAPR-2000--Digital_Audio_Essentials/Images/Pro_Tools_Introduction/Pro_Tools_Introduction__Dapr2000_Protools_12_Transport_Window_Controls.png
DAPR-2000--Digital_Audio_Essentials/Images/pro-tools-introduction/pro-tools-introduction-dapr2000-protools-13-record-enabled-audio-track-01.png	DAPR-2000--Digital_Audio_Essentials/Images/Pro_Tools_Introduction/Pro_Tools_Introduction__Dapr2000_Protools_13_Record_Enabled_Audio_Track.png
DAPR-2000--Digital_Audio_Essentials/Images/pro-tools-introduction/pro-tools-introduction-dapr2000-protools-15-input-monitoring-playback-example-01.png	DAPR-2000--Digital_Audio_Essentials/Images/Pro_Tools_Introduction/Pro_Tools_Introduction__Dapr2000_Protools_15_Input_Monitoring_Playback_Example.png
DAPR-2000--Digital_Audio_Essentials/Images/pro-tools-introduction/pro-tools-introduction-pro-tools-dashboard-1-01.png	DAPR-2000--Digital_Audio_Essentials/Images/Pro_Tools_Introduction/Pro_Tools_Introduction__Pro_Tools_Dashboard_1.png
DAPR-2000--Digital_Audio_Essentials/Images/processing-compression/processing-compression-attack-release-envelope-01.png	DAPR-2000--Digital_Audio_Essentials/Images/Processing__Compression/Processing__Compression__Attack_Release_Envelope.png
DAPR-2000--Digital_Audio_Essentials/Images/processing-compression/processing-compression-bf-2a-plugin-window-01.png	DAPR-2000--Digital_Audio_Essentials/Images/Processing__Compression/Processing__Compression__Bf_2a_Plugin_Window.png
DAPR-2000--Digital_Audio_Essentials/Images/processing-compression/processing-compression-bf-76-peak-limiter-01.png	DAPR-2000--Digital_Audio_Essentials/Images/Processing__Compression/Processing__Compression__Bf_76_Peak_Limiter.png
DAPR-2000--Digital_Audio_Essentials/Images/processing-compression/processing-compression-compressor-limiter-iii-plugin-window-01.png	DAPR-2000--Digital_Audio_Essentials/Images/Processing__Compression/Processing__Compression__Compressor_Limiter_Iii_Plugin_Window.png
DAPR-2000--Digital_Audio_Essentials/Images/processing-compression/processing-compression-la-2a-leveling-amplifier-01.png	DAPR-2000--Digital_Audio_Essentials/Images/Processing__Compression/Processing__Compression__La_2a_Leveling_Amplifier.png
DAPR-2000--Digital_Audio_Essentials/Images/processing-compression/processing-compression-parallel-routing-01.png	DAPR-2000--Digital_Audio_Essentials/Images/Processing__Compression/Processing__Compression__Parallel_Routing.png
DAPR-2000--Digital_Audio_Essentials/Images/processing-compression/processing-compression-the-anatomy-of-a-compressor-01.png	DAPR-2000--Digital_Audio_Essentials/Images/Processing__Compression/Processing__Compression__The_Anatomy_of_a_Compressor.png
DAPR-2000--Digital_Audio_Essentials/Images/processing-time-based/processing-time-based-d-verb-plugin-window-01.png	DAPR-2000--Digital_Audio_Essentials/Images/Processing__Time_Based/Processing__Time_Based__D_Verb_Plugin_Window.png
DAPR-2000--Digital_Audio_Essentials/Images/processing-time-based/processing-time-based-mod-delay-iii-plugin-window-01.png	DAPR-2000--Digital_Audio_Essentials/Images/Processing__Time_Based/Processing__Time_Based__Mod_Delay_Iii_Plugin_Window.png
DAPR-2000--Digital_Audio_Essentials/Images/processing-time-based/processing-time-based-module-banner-01.png	DAPR-2000--Digital_Audio_Essentials/Images/Processing__Time_Based/Processing__Time_Based__Module_Banner.png
DAPR-2000--Digital_Audio_Essentials/Images/processing-time-based/processing-time-based-pre-delay-01.png	DAPR-2000--Digital_Audio_Essentials/Images/Processing__Time_Based/Processing__Time_Based__Pre_Delay.png
DAPR-2000--Digital_Audio_Essentials/Images/processing-time-based/processing-time-based-send-vs-insert-01.png	DAPR-2000--Digital_Audio_Essentials/Images/Processing__Time_Based/Processing__Time_Based__Send_vs_Insert.png
DAPR-2000--Digital_Audio_Essentials/Images/quiz-questions/quiz-questions-pro-tools-pan-and-track-state-quiz-01.png	DAPR-2000--Digital_Audio_Essentials/Images/Quiz_Questions/Quiz_Questions__Pro_Tools_Pan_and_Track_State_Quiz.png
DAPR-2000--Digital_Audio_Essentials/Images/signal-flow-cables/signal-flow-cables-adam-audio-monitors-01.jpg	DAPR-2000--Digital_Audio_Essentials/Images/Signal_Flow_and_Cables/Signal_Flow_and_Cables__Adam_Audio_Monitors.jpg
DAPR-2000--Digital_Audio_Essentials/Images/signal-flow-cables/signal-flow-cables-aes50-network-cable-01.png	DAPR-2000--Digital_Audio_Essentials/Images/Signal_Flow_and_Cables/Signal_Flow_and_Cables__Aes50_Network_Cable.png
DAPR-2000--Digital_Audio_Essentials/Images/signal-flow-cables/signal-flow-cables-aes67-network-cable-01.png	DAPR-2000--Digital_Audio_Essentials/Images/Signal_Flow_and_Cables/Signal_Flow_and_Cables__Aes67_Network_Cable.png
DAPR-2000--Digital_Audio_Essentials/Images/signal-flow-cables/signal-flow-cables-avb-network-cable-01.png	DAPR-2000--Digital_Audio_Essentials/Images/Signal_Flow_and_Cables/Signal_Flow_and_Cables__AVB_Network_Cable.png
DAPR-2000--Digital_Audio_Essentials/Images/signal-flow-cables/signal-flow-cables-balanced-audio-01.webp	DAPR-2000--Digital_Audio_Essentials/Images/Signal_Flow_and_Cables/Signal_Flow_and_Cables__Balanced_Audio.webp
DAPR-2000--Digital_Audio_Essentials/Images/signal-flow-cables/signal-flow-cables-banana-plug-01.png	DAPR-2000--Digital_Audio_Essentials/Images/Signal_Flow_and_Cables/Signal_Flow_and_Cables__Banana_Plug.png
DAPR-2000--Digital_Audio_Essentials/Images/signal-flow-cables/signal-flow-cables-bedroom-studio-01.webp	DAPR-2000--Digital_Audio_Essentials/Images/Signal_Flow_and_Cables/Signal_Flow_and_Cables__Bedroom_Studio.webp
DAPR-2000--Digital_Audio_Essentials/Images/signal-flow-cables/signal-flow-cables-binding-post-01.png	DAPR-2000--Digital_Audio_Essentials/Images/Signal_Flow_and_Cables/Signal_Flow_and_Cables__Binding_Post.png
DAPR-2000--Digital_Audio_Essentials/Images/signal-flow-cables/signal-flow-cables-bnc-50-ohm-01.png	DAPR-2000--Digital_Audio_Essentials/Images/Signal_Flow_and_Cables/Signal_Flow_and_Cables__Bnc_50_Ohm.png
DAPR-2000--Digital_Audio_Essentials/Images/signal-flow-cables/signal-flow-cables-bnc-75-ohm-01.png	DAPR-2000--Digital_Audio_Essentials/Images/Signal_Flow_and_Cables/Signal_Flow_and_Cables__Bnc_75_Ohm.png
DAPR-2000--Digital_Audio_Essentials/Images/signal-flow-cables/signal-flow-cables-bnc-75-ohm-terminator-01.png	DAPR-2000--Digital_Audio_Essentials/Images/Signal_Flow_and_Cables/Signal_Flow_and_Cables__Bnc_75_Ohm_Terminator.png
DAPR-2000--Digital_Audio_Essentials/Images/signal-flow-cables/signal-flow-cables-bnc-aes3id-01.png	DAPR-2000--Digital_Audio_Essentials/Images/Signal_Flow_and_Cables/Signal_Flow_and_Cables__Bnc_Aes3id.png
DAPR-2000--Digital_Audio_Essentials/Images/signal-flow-cables/signal-flow-cables-bnc-barrel-01.png	DAPR-2000--Digital_Audio_Essentials/Images/Signal_Flow_and_Cables/Signal_Flow_and_Cables__Bnc_Barrel.png
DAPR-2000--Digital_Audio_Essentials/Images/signal-flow-cables/signal-flow-cables-bnc-female-01.png	DAPR-2000--Digital_Audio_Essentials/Images/Signal_Flow_and_Cables/Signal_Flow_and_Cables__Bnc_Female.png
DAPR-2000--Digital_Audio_Essentials/Images/signal-flow-cables/signal-flow-cables-bnc-madi-coax-01.png	DAPR-2000--Digital_Audio_Essentials/Images/Signal_Flow_and_Cables/Signal_Flow_and_Cables__Bnc_Madi_Coax.png
DAPR-2000--Digital_Audio_Essentials/Images/signal-flow-cables/signal-flow-cables-bnc-male-01.png	DAPR-2000--Digital_Audio_Essentials/Images/Signal_Flow_and_Cables/Signal_Flow_and_Cables__Bnc_Male.png
DAPR-2000--Digital_Audio_Essentials/Images/signal-flow-cables/signal-flow-cables-bnc-male-male-adapter-01.png	DAPR-2000--Digital_Audio_Essentials/Images/Signal_Flow_and_Cables/Signal_Flow_and_Cables__Bnc_Male_Male_Adapter.png
DAPR-2000--Digital_Audio_Essentials/Images/signal-flow-cables/signal-flow-cables-bnc-tee-01.png	DAPR-2000--Digital_Audio_Essentials/Images/Signal_Flow_and_Cables/Signal_Flow_and_Cables__Bnc_Tee.png
DAPR-2000--Digital_Audio_Essentials/Images/signal-flow-cables/signal-flow-cables-bnc-word-clock-01.png	DAPR-2000--Digital_Audio_Essentials/Images/Signal_Flow_and_Cables/Signal_Flow_and_Cables__Bnc_Word_Clock.png
DAPR-2000--Digital_Audio_Essentials/Images/signal-flow-cables/signal-flow-cables-cat6-cable-01.png	DAPR-2000--Digital_Audio_Essentials/Images/Signal_Flow_and_Cables/Signal_Flow_and_Cables__Cat6_Cable.png
DAPR-2000--Digital_Audio_Essentials/Images/signal-flow-cables/signal-flow-cables-connector-size-comparison-01.png	DAPR-2000--Digital_Audio_Essentials/Images/Signal_Flow_and_Cables/Signal_Flow_and_Cables__Connector_Size_Comparison.png
DAPR-2000--Digital_Audio_Essentials/Images/signal-flow-cables/signal-flow-cables-dante-network-cable-01.png	DAPR-2000--Digital_Audio_Essentials/Images/Signal_Flow_and_Cables/Signal_Flow_and_Cables__Dante_Network_Cable.png
DAPR-2000--Digital_Audio_Essentials/Images/signal-flow-cables/signal-flow-cables-db25-aes-digital-01.png	DAPR-2000--Digital_Audio_Essentials/Images/Signal_Flow_and_Cables/Signal_Flow_and_Cables__Db25_AES_Digital.png
DAPR-2000--Digital_Audio_Essentials/Images/signal-flow-cables/signal-flow-cables-db25-analog-vs-aes-01.png	DAPR-2000--Digital_Audio_Essentials/Images/Signal_Flow_and_Cables/Signal_Flow_and_Cables__Db25_Analog_vs_AES.png
DAPR-2000--Digital_Audio_Essentials/Images/signal-flow-cables/signal-flow-cables-db25-audio-breakout-01.png	DAPR-2000--Digital_Audio_Essentials/Images/Signal_Flow_and_Cables/Signal_Flow_and_Cables__Db25_Audio_Breakout.png
DAPR-2000--Digital_Audio_Essentials/Images/signal-flow-cables/signal-flow-cables-db25-female-01.png	DAPR-2000--Digital_Audio_Essentials/Images/Signal_Flow_and_Cables/Signal_Flow_and_Cables__Db25_Female.png
DAPR-2000--Digital_Audio_Essentials/Images/signal-flow-cables/signal-flow-cables-db25-male-01.png	DAPR-2000--Digital_Audio_Essentials/Images/Signal_Flow_and_Cables/Signal_Flow_and_Cables__Db25_Male.png
DAPR-2000--Digital_Audio_Essentials/Images/signal-flow-cables/signal-flow-cables-dc-barrel-size-comparison-01.png	DAPR-2000--Digital_Audio_Essentials/Images/Signal_Flow_and_Cables/Signal_Flow_and_Cables__DC_Barrel_Size_Comparison.png
DAPR-2000--Digital_Audio_Essentials/Images/signal-flow-cables/signal-flow-cables-edac-516-male-01.png	DAPR-2000--Digital_Audio_Essentials/Images/Signal_Flow_and_Cables/Signal_Flow_and_Cables__Edac_516_Male.png
DAPR-2000--Digital_Audio_Essentials/Images/signal-flow-cables/signal-flow-cables-edac-516-mating-pair-01.png	DAPR-2000--Digital_Audio_Essentials/Images/Signal_Flow_and_Cables/Signal_Flow_and_Cables__Edac_516_Mating_Pair.png
DAPR-2000--Digital_Audio_Essentials/Images/signal-flow-cables/signal-flow-cables-eighth-inch-to-quarter-inch-adapter-01.png	DAPR-2000--Digital_Audio_Essentials/Images/Signal_Flow_and_Cables/Signal_Flow_and_Cables__Eighth_Inch_to_Quarter_Inch_Adapter.png
DAPR-2000--Digital_Audio_Essentials/Images/signal-flow-cables/signal-flow-cables-eighth-inch-trrs-01.png	DAPR-2000--Digital_Audio_Essentials/Images/Signal_Flow_and_Cables/Signal_Flow_and_Cables__Eighth_Inch_Trrs.png
DAPR-2000--Digital_Audio_Essentials/Images/signal-flow-cables/signal-flow-cables-eighth-inch-trs-01.png	DAPR-2000--Digital_Audio_Essentials/Images/Signal_Flow_and_Cables/Signal_Flow_and_Cables__Eighth_Inch_Trs.png
DAPR-2000--Digital_Audio_Essentials/Images/signal-flow-cables/signal-flow-cables-eighth-inch-ts-01.png	DAPR-2000--Digital_Audio_Essentials/Images/Signal_Flow_and_Cables/Signal_Flow_and_Cables__Eighth_Inch_Ts.png
DAPR-2000--Digital_Audio_Essentials/Images/signal-flow-cables/signal-flow-cables-ethercon-01.png	DAPR-2000--Digital_Audio_Essentials/Images/Signal_Flow_and_Cables/Signal_Flow_and_Cables__Ethercon.png
DAPR-2000--Digital_Audio_Essentials/Images/signal-flow-cables/signal-flow-cables-firewire-400-4-pin-01.png	DAPR-2000--Digital_Audio_Essentials/Images/Signal_Flow_and_Cables/Signal_Flow_and_Cables__Firewire_400_4_Pin.png
DAPR-2000--Digital_Audio_Essentials/Images/signal-flow-cables/signal-flow-cables-firewire-400-6-pin-01.png	DAPR-2000--Digital_Audio_Essentials/Images/Signal_Flow_and_Cables/Signal_Flow_and_Cables__Firewire_400_6_Pin.png
DAPR-2000--Digital_Audio_Essentials/Images/signal-flow-cables/signal-flow-cables-firewire-800-9-pin-01.png	DAPR-2000--Digital_Audio_Essentials/Images/Signal_Flow_and_Cables/Signal_Flow_and_Cables__Firewire_800_9_Pin.png
DAPR-2000--Digital_Audio_Essentials/Images/signal-flow-cables/signal-flow-cables-focusrite-scarlett-01.webp	DAPR-2000--Digital_Audio_Essentials/Images/Signal_Flow_and_Cables/Signal_Flow_and_Cables__Focusrite_Scarlett.webp
DAPR-2000--Digital_Audio_Essentials/Images/signal-flow-cables/signal-flow-cables-headphones-01.png	DAPR-2000--Digital_Audio_Essentials/Images/Signal_Flow_and_Cables/Signal_Flow_and_Cables__Headphones.png
DAPR-2000--Digital_Audio_Essentials/Images/signal-flow-cables/signal-flow-cables-hirose-4-pin-dc-01.png	DAPR-2000--Digital_Audio_Essentials/Images/Signal_Flow_and_Cables/Signal_Flow_and_Cables__Hirose_4_Pin_DC.png
DAPR-2000--Digital_Audio_Essentials/Images/signal-flow-cables/signal-flow-cables-home-studio-signal-flow-01.jpeg	DAPR-2000--Digital_Audio_Essentials/Images/Signal_Flow_and_Cables/Signal_Flow_and_Cables__Home_Studio_Signal_Flow.jpg
DAPR-2000--Digital_Audio_Essentials/Images/signal-flow-cables/signal-flow-cables-iec-c13-01.png	DAPR-2000--Digital_Audio_Essentials/Images/Signal_Flow_and_Cables/Signal_Flow_and_Cables__Iec_C13.png
DAPR-2000--Digital_Audio_Essentials/Images/signal-flow-cables/signal-flow-cables-iec-c14-01.png	DAPR-2000--Digital_Audio_Essentials/Images/Signal_Flow_and_Cables/Signal_Flow_and_Cables__Iec_C14.png
DAPR-2000--Digital_Audio_Essentials/Images/signal-flow-cables/signal-flow-cables-instrument-vs-speaker-cable-01.png	DAPR-2000--Digital_Audio_Essentials/Images/Signal_Flow_and_Cables/Signal_Flow_and_Cables__Instrument_vs_Speaker_Cable.png
DAPR-2000--Digital_Audio_Essentials/Images/signal-flow-cables/signal-flow-cables-laptop-01.webp	DAPR-2000--Digital_Audio_Essentials/Images/Signal_Flow_and_Cables/Signal_Flow_and_Cables__Laptop.webp
DAPR-2000--Digital_Audio_Essentials/Images/signal-flow-cables/signal-flow-cables-latching-iec-inlet-01.png	DAPR-2000--Digital_Audio_Essentials/Images/Signal_Flow_and_Cables/Signal_Flow_and_Cables__Latching_Iec_Inlet.png
DAPR-2000--Digital_Audio_Essentials/Images/signal-flow-cables/signal-flow-cables-locking-twist-connector-01.png	DAPR-2000--Digital_Audio_Essentials/Images/Signal_Flow_and_Cables/Signal_Flow_and_Cables__Locking_Twist_Connector.png
DAPR-2000--Digital_Audio_Essentials/Images/signal-flow-cables/signal-flow-cables-midi-5-pin-din-female-01.png	DAPR-2000--Digital_Audio_Essentials/Images/Signal_Flow_and_Cables/Signal_Flow_and_Cables__MIDI_5_Pin_Din_Female.png
DAPR-2000--Digital_Audio_Essentials/Images/signal-flow-cables/signal-flow-cables-midi-5-pin-din-male-01.png	DAPR-2000--Digital_Audio_Essentials/Images/Signal_Flow_and_Cables/Signal_Flow_and_Cables__MIDI_5_Pin_Din_Male.png
DAPR-2000--Digital_Audio_Essentials/Images/signal-flow-cables/signal-flow-cables-mini-toslink-01.png	DAPR-2000--Digital_Audio_Essentials/Images/Signal_Flow_and_Cables/Signal_Flow_and_Cables__Mini_Toslink.png
DAPR-2000--Digital_Audio_Essentials/Images/signal-flow-cables/signal-flow-cables-phone-plug-size-comparison-01.png	DAPR-2000--Digital_Audio_Essentials/Images/Signal_Flow_and_Cables/Signal_Flow_and_Cables__Phone_Plug_Size_Comparison.png
DAPR-2000--Digital_Audio_Essentials/Images/signal-flow-cables/signal-flow-cables-quarter-inch-speaker-cable-01.png	DAPR-2000--Digital_Audio_Essentials/Images/Signal_Flow_and_Cables/Signal_Flow_and_Cables__Quarter_Inch_Speaker_Cable.png
DAPR-2000--Digital_Audio_Essentials/Images/signal-flow-cables/signal-flow-cables-quarter-inch-to-eighth-inch-adapter-01.png	DAPR-2000--Digital_Audio_Essentials/Images/Signal_Flow_and_Cables/Signal_Flow_and_Cables__Quarter_Inch_to_Eighth_Inch_Adapter.png
DAPR-2000--Digital_Audio_Essentials/Images/signal-flow-cables/signal-flow-cables-quarter-inch-trs-01.png	DAPR-2000--Digital_Audio_Essentials/Images/Signal_Flow_and_Cables/Signal_Flow_and_Cables__Quarter_Inch_Trs.png
DAPR-2000--Digital_Audio_Essentials/Images/signal-flow-cables/signal-flow-cables-quarter-inch-ts-01.png	DAPR-2000--Digital_Audio_Essentials/Images/Signal_Flow_and_Cables/Signal_Flow_and_Cables__Quarter_Inch_Ts.png
DAPR-2000--Digital_Audio_Essentials/Images/signal-flow-cables/signal-flow-cables-quarter-inch-ts-vs-trs-01.png	DAPR-2000--Digital_Audio_Essentials/Images/Signal_Flow_and_Cables/Signal_Flow_and_Cables__Quarter_Inch_Ts_vs_Trs.png
DAPR-2000--Digital_Audio_Essentials/Images/signal-flow-cables/signal-flow-cables-rca-analog-audio-01.png	DAPR-2000--Digital_Audio_Essentials/Images/Signal_Flow_and_Cables/Signal_Flow_and_Cables__Rca_Analog_Audio.png
DAPR-2000--Digital_Audio_Essentials/Images/signal-flow-cables/signal-flow-cables-rca-analog-vs-spdif-01.png	DAPR-2000--Digital_Audio_Essentials/Images/Signal_Flow_and_Cables/Signal_Flow_and_Cables__Rca_Analog_vs_Spdif.png
DAPR-2000--Digital_Audio_Essentials/Images/signal-flow-cables/signal-flow-cables-rca-female-01.png	DAPR-2000--Digital_Audio_Essentials/Images/Signal_Flow_and_Cables/Signal_Flow_and_Cables__Rca_Female.png
DAPR-2000--Digital_Audio_Essentials/Images/signal-flow-cables/signal-flow-cables-rca-male-01.png	DAPR-2000--Digital_Audio_Essentials/Images/Signal_Flow_and_Cables/Signal_Flow_and_Cables__Rca_Male.png
DAPR-2000--Digital_Audio_Essentials/Images/signal-flow-cables/signal-flow-cables-rca-spdif-75-ohm-01.png	DAPR-2000--Digital_Audio_Essentials/Images/Signal_Flow_and_Cables/Signal_Flow_and_Cables__Rca_Spdif_75_Ohm.png
DAPR-2000--Digital_Audio_Essentials/Images/signal-flow-cables/signal-flow-cables-rj45-8p8c-jack-01.png	DAPR-2000--Digital_Audio_Essentials/Images/Signal_Flow_and_Cables/Signal_Flow_and_Cables__Rj45_8p8c_Jack.png
DAPR-2000--Digital_Audio_Essentials/Images/signal-flow-cables/signal-flow-cables-rj45-8p8c-plug-01.png	DAPR-2000--Digital_Audio_Essentials/Images/Signal_Flow_and_Cables/Signal_Flow_and_Cables__Rj45_8p8c_Plug.png
DAPR-2000--Digital_Audio_Essentials/Images/signal-flow-cables/signal-flow-cables-rj45-vs-ethercon-01.png	DAPR-2000--Digital_Audio_Essentials/Images/Signal_Flow_and_Cables/Signal_Flow_and_Cables__Rj45_vs_Ethercon.png
DAPR-2000--Digital_Audio_Essentials/Images/signal-flow-cables/signal-flow-cables-same-connector-different-impedance-bnc-01.png	DAPR-2000--Digital_Audio_Essentials/Images/Signal_Flow_and_Cables/Signal_Flow_and_Cables__Same_Connector_Different_Impedance_Bnc.png
DAPR-2000--Digital_Audio_Essentials/Images/signal-flow-cables/signal-flow-cables-same-connector-different-protocol-usbc-01.png	DAPR-2000--Digital_Audio_Essentials/Images/Signal_Flow_and_Cables/Signal_Flow_and_Cables__Same_Connector_Different_Protocol_Usbc.png
DAPR-2000--Digital_Audio_Essentials/Images/signal-flow-cables/signal-flow-cables-same-connector-different-signal-rca-01.png	DAPR-2000--Digital_Audio_Essentials/Images/Signal_Flow_and_Cables/Signal_Flow_and_Cables__Same_Connector_Different_Signal_Rca.png
DAPR-2000--Digital_Audio_Essentials/Images/signal-flow-cables/signal-flow-cables-same-connector-different-signal-xlr-01.png	DAPR-2000--Digital_Audio_Essentials/Images/Signal_Flow_and_Cables/Signal_Flow_and_Cables__Same_Connector_Different_Signal_Xlr.png
DAPR-2000--Digital_Audio_Essentials/Images/signal-flow-cables/signal-flow-cables-speakon-2-pole-01.png	DAPR-2000--Digital_Audio_Essentials/Images/Signal_Flow_and_Cables/Signal_Flow_and_Cables__Speakon_2_Pole.png
DAPR-2000--Digital_Audio_Essentials/Images/signal-flow-cables/signal-flow-cables-speakon-4-pole-01.png	DAPR-2000--Digital_Audio_Essentials/Images/Signal_Flow_and_Cables/Signal_Flow_and_Cables__Speakon_4_Pole.png
DAPR-2000--Digital_Audio_Essentials/Images/signal-flow-cables/signal-flow-cables-ta3-mini-xlr-01.png	DAPR-2000--Digital_Audio_Essentials/Images/Signal_Flow_and_Cables/Signal_Flow_and_Cables__Ta3_Mini_Xlr.png
DAPR-2000--Digital_Audio_Essentials/Images/signal-flow-cables/signal-flow-cables-ta5-mini-xlr-01.png	DAPR-2000--Digital_Audio_Essentials/Images/Signal_Flow_and_Cables/Signal_Flow_and_Cables__Ta5_Mini_Xlr.png
DAPR-2000--Digital_Audio_Essentials/Images/signal-flow-cables/signal-flow-cables-tfunk-mic-01.jpg	DAPR-2000--Digital_Audio_Essentials/Images/Signal_Flow_and_Cables/Signal_Flow_and_Cables__Tfunk_Mic.jpg
DAPR-2000--Digital_Audio_Essentials/Images/signal-flow-cables/signal-flow-cables-thunderbolt-usb-c-01.png	DAPR-2000--Digital_Audio_Essentials/Images/Signal_Flow_and_Cables/Signal_Flow_and_Cables__Thunderbolt_USB_C.png
DAPR-2000--Digital_Audio_Essentials/Images/signal-flow-cables/signal-flow-cables-toslink-optical-01.png	DAPR-2000--Digital_Audio_Essentials/Images/Signal_Flow_and_Cables/Signal_Flow_and_Cables__Toslink_Optical.png
DAPR-2000--Digital_Audio_Essentials/Images/signal-flow-cables/signal-flow-cables-toslink-vs-mini-toslink-01.png	DAPR-2000--Digital_Audio_Essentials/Images/Signal_Flow_and_Cables/Signal_Flow_and_Cables__Toslink_vs_Mini_Toslink.png
DAPR-2000--Digital_Audio_Essentials/Images/signal-flow-cables/signal-flow-cables-tt-bantam-patch-cable-01.png	DAPR-2000--Digital_Audio_Essentials/Images/Signal_Flow_and_Cables/Signal_Flow_and_Cables__Tt_Bantam_Patch_Cable.png
DAPR-2000--Digital_Audio_Essentials/Images/signal-flow-cables/signal-flow-cables-tt-bantam-plug-01.png	DAPR-2000--Digital_Audio_Essentials/Images/Signal_Flow_and_Cables/Signal_Flow_and_Cables__Tt_Bantam_Plug.png
DAPR-2000--Digital_Audio_Essentials/Images/signal-flow-cables/signal-flow-cables-tt-vs-eighth-inch-01.png	DAPR-2000--Digital_Audio_Essentials/Images/Signal_Flow_and_Cables/Signal_Flow_and_Cables__Tt_vs_Eighth_Inch.png
DAPR-2000--Digital_Audio_Essentials/Images/signal-flow-cables/signal-flow-cables-usb-a-male-01.png	DAPR-2000--Digital_Audio_Essentials/Images/Signal_Flow_and_Cables/Signal_Flow_and_Cables__USB_a_Male.png
DAPR-2000--Digital_Audio_Essentials/Images/signal-flow-cables/signal-flow-cables-usb-a-to-usb-c-adapter-01.png	DAPR-2000--Digital_Audio_Essentials/Images/Signal_Flow_and_Cables/Signal_Flow_and_Cables__USB_a_to_USB_C_Adapter.png
DAPR-2000--Digital_Audio_Essentials/Images/signal-flow-cables/signal-flow-cables-usb-a-vs-b-vs-c-01.png	DAPR-2000--Digital_Audio_Essentials/Images/Signal_Flow_and_Cables/Signal_Flow_and_Cables__USB_a_vs_B_vs_C.png
DAPR-2000--Digital_Audio_Essentials/Images/signal-flow-cables/signal-flow-cables-usb-b-male-01.png	DAPR-2000--Digital_Audio_Essentials/Images/Signal_Flow_and_Cables/Signal_Flow_and_Cables__USB_B_Male.png
DAPR-2000--Digital_Audio_Essentials/Images/signal-flow-cables/signal-flow-cables-usb-c-plug-01.png	DAPR-2000--Digital_Audio_Essentials/Images/Signal_Flow_and_Cables/Signal_Flow_and_Cables__USB_C_Plug.png
DAPR-2000--Digital_Audio_Essentials/Images/signal-flow-cables/signal-flow-cables-usb-c-to-hdmi-adapter-01.png	DAPR-2000--Digital_Audio_Essentials/Images/Signal_Flow_and_Cables/Signal_Flow_and_Cables__USB_C_to_Hdmi_Adapter.png
DAPR-2000--Digital_Audio_Essentials/Images/signal-flow-cables/signal-flow-cables-usb-c-to-usb-a-adapter-01.png	DAPR-2000--Digital_Audio_Essentials/Images/Signal_Flow_and_Cables/Signal_Flow_and_Cables__USB_C_to_USB_a_Adapter.png
DAPR-2000--Digital_Audio_Essentials/Images/signal-flow-cables/signal-flow-cables-usb-c-to-usb-b-interface-01.png	DAPR-2000--Digital_Audio_Essentials/Images/Signal_Flow_and_Cables/Signal_Flow_and_Cables__USB_C_to_USB_B_Interface.png
DAPR-2000--Digital_Audio_Essentials/Images/signal-flow-cables/signal-flow-cables-usb-c-vs-thunderbolt-01.png	DAPR-2000--Digital_Audio_Essentials/Images/Signal_Flow_and_Cables/Signal_Flow_and_Cables__USB_C_vs_Thunderbolt.png
DAPR-2000--Digital_Audio_Essentials/Images/signal-flow-cables/signal-flow-cables-usb-micro-b-01.png	DAPR-2000--Digital_Audio_Essentials/Images/Signal_Flow_and_Cables/Signal_Flow_and_Cables__USB_Micro_B.png
DAPR-2000--Digital_Audio_Essentials/Images/signal-flow-cables/signal-flow-cables-usb-mini-b-01.png	DAPR-2000--Digital_Audio_Essentials/Images/Signal_Flow_and_Cables/Signal_Flow_and_Cables__USB_Mini_B.png
DAPR-2000--Digital_Audio_Essentials/Images/signal-flow-cables/signal-flow-cables-usb-vs-firewire-01.png	DAPR-2000--Digital_Audio_Essentials/Images/Signal_Flow_and_Cables/Signal_Flow_and_Cables__USB_vs_Firewire.png
DAPR-2000--Digital_Audio_Essentials/Images/signal-flow-cables/signal-flow-cables-xlr-3-pin-female-01.png	DAPR-2000--Digital_Audio_Essentials/Images/Signal_Flow_and_Cables/Signal_Flow_and_Cables__Xlr_3_Pin_Female.png
DAPR-2000--Digital_Audio_Essentials/Images/signal-flow-cables/signal-flow-cables-xlr-3-pin-male-01.png	DAPR-2000--Digital_Audio_Essentials/Images/Signal_Flow_and_Cables/Signal_Flow_and_Cables__Xlr_3_Pin_Male.png
DAPR-2000--Digital_Audio_Essentials/Images/signal-flow-cables/signal-flow-cables-xlr-4-pin-male-01.png	DAPR-2000--Digital_Audio_Essentials/Images/Signal_Flow_and_Cables/Signal_Flow_and_Cables__Xlr_4_Pin_Male.png
DAPR-2000--Digital_Audio_Essentials/Images/signal-flow-cables/signal-flow-cables-xlr-5-pin-female-01.png	DAPR-2000--Digital_Audio_Essentials/Images/Signal_Flow_and_Cables/Signal_Flow_and_Cables__Xlr_5_Pin_Female.png
DAPR-2000--Digital_Audio_Essentials/Images/signal-flow-cables/signal-flow-cables-xlr-5-pin-male-01.png	DAPR-2000--Digital_Audio_Essentials/Images/Signal_Flow_and_Cables/Signal_Flow_and_Cables__Xlr_5_Pin_Male.png
DAPR-2000--Digital_Audio_Essentials/Images/signal-flow-cables/signal-flow-cables-xlr-aes3-110-ohm-01.png	DAPR-2000--Digital_Audio_Essentials/Images/Signal_Flow_and_Cables/Signal_Flow_and_Cables__Xlr_Aes3_110_Ohm.png
DAPR-2000--Digital_Audio_Essentials/Images/signal-flow-cables/signal-flow-cables-xlr-analog-balanced-01.png	DAPR-2000--Digital_Audio_Essentials/Images/Signal_Flow_and_Cables/Signal_Flow_and_Cables__Xlr_Analog_Balanced.png
DAPR-2000--Digital_Audio_Essentials/Images/signal-flow-cables/signal-flow-cables-xlr-analog-vs-aes3-01.png	DAPR-2000--Digital_Audio_Essentials/Images/Signal_Flow_and_Cables/Signal_Flow_and_Cables__Xlr_Analog_vs_Aes3.png
DAPR-2000--Digital_Audio_Essentials/Images/signal-flow-cables/signal-flow-cables-xlr-trs-combo-jack-01.png	DAPR-2000--Digital_Audio_Essentials/Images/Signal_Flow_and_Cables/Signal_Flow_and_Cables__Xlr_Trs_Combo_Jack.png
DAPR-2000--Digital_Audio_Essentials/Images/sound-hearing-frequency/sound-hearing-frequency-adsr-envelope-01.png	DAPR-2000--Digital_Audio_Essentials/Images/Sound__Hearing_Frequency/Sound__Hearing_Frequency__Adsr_Envelope.png
DAPR-2000--Digital_Audio_Essentials/Images/sound-hearing-frequency/sound-hearing-frequency-amplitude-01.png	DAPR-2000--Digital_Audio_Essentials/Images/Sound__Hearing_Frequency/Sound__Hearing_Frequency__Sine_Wave_with_Wavelength_and_Amplitude.png
DAPR-2000--Digital_Audio_Essentials/Images/sound-hearing-frequency/sound-hearing-frequency-amplitude-02.png	DAPR-2000--Digital_Audio_Essentials/Images/Sound__Hearing_Frequency/Sound__Hearing_Frequency__High_and_Low_Frequency_Wave_Comparison.png
DAPR-2000--Digital_Audio_Essentials/Images/sound-hearing-frequency/sound-hearing-frequency-amplitude-change-01.png	DAPR-2000--Digital_Audio_Essentials/Images/Sound__Hearing_Frequency/Sound__Hearing_Frequency__Amplitude_Change.png
DAPR-2000--Digital_Audio_Essentials/Images/sound-hearing-frequency/sound-hearing-frequency-audible-range-01.png	DAPR-2000--Digital_Audio_Essentials/Images/Sound__Hearing_Frequency/Sound__Hearing_Frequency__Audible_Range.png
DAPR-2000--Digital_Audio_Essentials/Images/sound-hearing-frequency/sound-hearing-frequency-chorus-01.png	DAPR-2000--Digital_Audio_Essentials/Images/Sound__Hearing_Frequency/Sound__Hearing_Frequency__Chorus.png
DAPR-2000--Digital_Audio_Essentials/Images/sound-hearing-frequency/sound-hearing-frequency-clipping-01.png	DAPR-2000--Digital_Audio_Essentials/Images/Sound__Hearing_Frequency/Sound__Hearing_Frequency__Clipping.png
DAPR-2000--Digital_Audio_Essentials/Images/sound-hearing-frequency/sound-hearing-frequency-clipping-distortion-01.png	DAPR-2000--Digital_Audio_Essentials/Images/Sound__Hearing_Frequency/Sound__Hearing_Frequency__Clipping_Distortion.png
DAPR-2000--Digital_Audio_Essentials/Images/sound-hearing-frequency/sound-hearing-frequency-fletcher-munson-curve-01.png	DAPR-2000--Digital_Audio_Essentials/Images/Sound__Hearing_Frequency/Sound__Hearing_Frequency__Fletcher_Munson_Curve.png
DAPR-2000--Digital_Audio_Essentials/Images/sound-hearing-frequency/sound-hearing-frequency-frequency-01.png	DAPR-2000--Digital_Audio_Essentials/Images/Sound__Hearing_Frequency/Sound__Hearing_Frequency__Frequency.png
DAPR-2000--Digital_Audio_Essentials/Images/sound-hearing-frequency/sound-hearing-frequency-module-banner-01.png	DAPR-2000--Digital_Audio_Essentials/Images/Sound__Hearing_Frequency/Sound__Hearing_Frequency__Module_Banner.png
DAPR-2000--Digital_Audio_Essentials/Images/sound-hearing-frequency/sound-hearing-frequency-phase-01.png	DAPR-2000--Digital_Audio_Essentials/Images/Sound__Hearing_Frequency/Sound__Hearing_Frequency__Phase.png
DAPR-2000--Digital_Audio_Essentials/Images/sound-hearing-frequency/sound-hearing-frequency-phase-shift-01.png	DAPR-2000--Digital_Audio_Essentials/Images/Sound__Hearing_Frequency/Sound__Hearing_Frequency__Phase_Shift.png
DAPR-2000--Digital_Audio_Essentials/Images/sound-hearing-frequency/sound-hearing-frequency-reflection-absorption-diffusion-01.png	DAPR-2000--Digital_Audio_Essentials/Images/Sound__Hearing_Frequency/Sound__Hearing_Frequency__Reflection_Absorption_and_Diffusion_Arrow_Panels.png
DAPR-2000--Digital_Audio_Essentials/Images/sound-hearing-frequency/sound-hearing-frequency-reflection-absorption-diffusion-02.png	DAPR-2000--Digital_Audio_Essentials/Images/Sound__Hearing_Frequency/Sound__Hearing_Frequency__Threshold_Labeled_Loudness_Contour_Curves.png
DAPR-2000--Digital_Audio_Essentials/Images/sound-hearing-frequency/sound-hearing-frequency-waveform-basics-01.jpeg	DAPR-2000--Digital_Audio_Essentials/Images/Sound__Hearing_Frequency/Sound__Hearing_Frequency__Waveform_Basics.jpg
DAPR-2000--Digital_Audio_Essentials/Images/sound-the-decibel/sound-the-decibel-krakatoa-header-01.png	DAPR-2000--Digital_Audio_Essentials/Images/Sound__The_Decibel/Sound__The_Decibel__Krakatoa_Header.png
DAPR-2000--Digital_Audio_Essentials/Images/sound-the-decibel/sound-the-decibel-reference-ladder-01.png	DAPR-2000--Digital_Audio_Essentials/Images/Sound__The_Decibel/Sound__The_Decibel__Reference_Ladder.png
DAPR-2000--Digital_Audio_Essentials/Images/sound-the-decibel/sound-the-decibel-series-parallel-01.png	DAPR-2000--Digital_Audio_Essentials/Images/Sound__The_Decibel/Sound__The_Decibel__Series_Parallel.png
DAPR-2000--Digital_Audio_Essentials/Images/sound-the-decibel/sound-the-decibel-the-decibel-01.jpeg	DAPR-2000--Digital_Audio_Essentials/Images/Sound__The_Decibel/Sound__The_Decibel__The_Decibel.jpg
DAPR-2000--Digital_Audio_Essentials/Images/sound-the-decibel/sound-the-decibel-the-uberschall-dream-meets-real-world-math-01.png	DAPR-2000--Digital_Audio_Essentials/Images/Sound__The_Decibel/Sound__The_Decibel__The_Uberschall_Dream_Meets_Real_World_Math.png
DAPR-2000--Digital_Audio_Essentials/Images/sound-the-speed-of-sound/sound-the-speed-of-sound-diagram-adiabatic-vs-isothermal-01.jpg	DAPR-2000--Digital_Audio_Essentials/Images/Sound__The_Speed_of_Sound/Sound__The_Speed_of_Sound__Diagram_Adiabatic_vs_Isothermal.jpg
DAPR-2000--Digital_Audio_Essentials/Images/sound-the-speed-of-sound/sound-the-speed-of-sound-diagram-altitude-speed-constant-01.jpg	DAPR-2000--Digital_Audio_Essentials/Images/Sound__The_Speed_of_Sound/Sound__The_Speed_of_Sound__Diagram_Altitude_Speed_Constant.jpg
DAPR-2000--Digital_Audio_Essentials/Images/sound-the-speed-of-sound/sound-the-speed-of-sound-diagram-collision-relay-01.jpg	DAPR-2000--Digital_Audio_Essentials/Images/Sound__The_Speed_of_Sound/Sound__The_Speed_of_Sound__Diagram_Collision_Relay.jpg
DAPR-2000--Digital_Audio_Essentials/Images/sound-the-speed-of-sound/sound-the-speed-of-sound-diagram-delay-tower-drift-01.jpg	DAPR-2000--Digital_Audio_Essentials/Images/Sound__The_Speed_of_Sound/Sound__The_Speed_of_Sound__Diagram_Delay_Tower_Drift.jpg
DAPR-2000--Digital_Audio_Essentials/Images/sound-the-speed-of-sound/sound-the-speed-of-sound-diagram-gamma-degrees-of-freedom-01.jpg	DAPR-2000--Digital_Audio_Essentials/Images/Sound__The_Speed_of_Sound/Sound__The_Speed_of_Sound__Diagram_Gamma_Degrees_of_Freedom.jpg
DAPR-2000--Digital_Audio_Essentials/Images/sound-the-speed-of-sound/sound-the-speed-of-sound-diagram-gamma-piston-vs-box-01.jpg	DAPR-2000--Digital_Audio_Essentials/Images/Sound__The_Speed_of_Sound/Sound__The_Speed_of_Sound__Diagram_Gamma_Piston_vs_Box.jpg
DAPR-2000--Digital_Audio_Essentials/Images/sound-the-speed-of-sound/sound-the-speed-of-sound-diagram-impedance-coupling-01.jpg	DAPR-2000--Digital_Audio_Essentials/Images/Sound__The_Speed_of_Sound/Sound__The_Speed_of_Sound__Diagram_Impedance_Coupling.jpg
DAPR-2000--Digital_Audio_Essentials/Images/sound-the-speed-of-sound/sound-the-speed-of-sound-diagram-kelvin-ladder-phases-01.jpg	DAPR-2000--Digital_Audio_Essentials/Images/Sound__The_Speed_of_Sound/Sound__The_Speed_of_Sound__Diagram_Kelvin_Ladder_Phases.jpg
DAPR-2000--Digital_Audio_Essentials/Images/sound-the-speed-of-sound/sound-the-speed-of-sound-diagram-nondispersive-arrival-01.jpg	DAPR-2000--Digital_Audio_Essentials/Images/Sound__The_Speed_of_Sound/Sound__The_Speed_of_Sound__Diagram_Nondispersive_Arrival.jpg
DAPR-2000--Digital_Audio_Essentials/Images/sound-the-speed-of-sound/sound-the-speed-of-sound-diagram-sofar-channel-01.jpg	DAPR-2000--Digital_Audio_Essentials/Images/Sound__The_Speed_of_Sound/Sound__The_Speed_of_Sound__Diagram_Sofar_Channel.jpg
DAPR-2000--Digital_Audio_Essentials/Images/sound-the-speed-of-sound/sound-the-speed-of-sound-diagram-sofar-channel-01.svg	DAPR-2000--Digital_Audio_Essentials/Images/Sound__The_Speed_of_Sound/Sound__The_Speed_of_Sound__Diagram_Sofar_Channel.svg
DAPR-2000--Digital_Audio_Essentials/Images/sound-the-speed-of-sound/sound-the-speed-of-sound-diagram-speed-across-media-01.jpg	DAPR-2000--Digital_Audio_Essentials/Images/Sound__The_Speed_of_Sound/Sound__The_Speed_of_Sound__Diagram_Speed_Across_Media.jpg
DAPR-2000--Digital_Audio_Essentials/Images/sound-the-speed-of-sound/sound-the-speed-of-sound-diagram-speed-across-media-01.svg	DAPR-2000--Digital_Audio_Essentials/Images/Sound__The_Speed_of_Sound/Sound__The_Speed_of_Sound__Diagram_Speed_Across_Media.svg
DAPR-2000--Digital_Audio_Essentials/Images/sound-the-speed-of-sound/sound-the-speed-of-sound-diagram-speed-vs-temperature-curve-01.jpg	DAPR-2000--Digital_Audio_Essentials/Images/Sound__The_Speed_of_Sound/Sound__The_Speed_of_Sound__Diagram_Speed_vs_Temperature_Curve.jpg
DAPR-2000--Digital_Audio_Essentials/Images/sound-the-speed-of-sound/sound-the-speed-of-sound-diagram-stiffness-vs-density-01.jpg	DAPR-2000--Digital_Audio_Essentials/Images/Sound__The_Speed_of_Sound/Sound__The_Speed_of_Sound__Diagram_Stiffness_vs_Density.jpg
DAPR-2000--Digital_Audio_Essentials/Images/sound-the-speed-of-sound/sound-the-speed-of-sound-diagram-temperature-molecular-speed-01.jpg	DAPR-2000--Digital_Audio_Essentials/Images/Sound__The_Speed_of_Sound/Sound__The_Speed_of_Sound__Diagram_Temperature_Molecular_Speed.jpg
DAPR-2000--Digital_Audio_Essentials/Images/sound-the-speed-of-sound/sound-the-speed-of-sound-diagram-temperature-refraction-01.jpg	DAPR-2000--Digital_Audio_Essentials/Images/Sound__The_Speed_of_Sound/Sound__The_Speed_of_Sound__Diagram_Temperature_Refraction.jpg
DAPR-2000--Digital_Audio_Essentials/Images/sound-the-speed-of-sound/sound-the-speed-of-sound-diagram-wavelength-ruler-01.jpg	DAPR-2000--Digital_Audio_Essentials/Images/Sound__The_Speed_of_Sound/Sound__The_Speed_of_Sound__Diagram_Wavelength_Ruler.jpg
DAPR-2000--Digital_Audio_Essentials/Images/sound-the-speed-of-sound/sound-the-speed-of-sound-diagram-wind-refraction-01.jpg	DAPR-2000--Digital_Audio_Essentials/Images/Sound__The_Speed_of_Sound/Sound__The_Speed_of_Sound__Diagram_Wind_Refraction.jpg
DAPR-2000--Digital_Audio_Essentials/Images/sound-the-speed-of-sound/sound-the-speed-of-sound-photo-cold-winter-load-in-01.jpg	DAPR-2000--Digital_Audio_Essentials/Images/Sound__The_Speed_of_Sound/Sound__The_Speed_of_Sound__Photo_Cold_Winter_Load_in.jpg
DAPR-2000--Digital_Audio_Essentials/Images/sound-the-speed-of-sound/sound-the-speed-of-sound-photo-dead-sea-shore-01.jpg	DAPR-2000--Digital_Audio_Essentials/Images/Sound__The_Speed_of_Sound/Sound__The_Speed_of_Sound__Photo_Dead_Sea_Shore.jpg
DAPR-2000--Digital_Audio_Essentials/Images/sound-the-speed-of-sound/sound-the-speed-of-sound-photo-delay-tower-field-01.jpg	DAPR-2000--Digital_Audio_Essentials/Images/Sound__The_Speed_of_Sound/Sound__The_Speed_of_Sound__Photo_Delay_Tower_Field.jpg
DAPR-2000--Digital_Audio_Essentials/Images/sound-the-speed-of-sound/sound-the-speed-of-sound-photo-hero-utah-valley-dawn-01.jpg	DAPR-2000--Digital_Audio_Essentials/Images/Sound__The_Speed_of_Sound/Sound__The_Speed_of_Sound__Photo_Hero_Utah_Valley_Dawn.jpg
DAPR-2000--Digital_Audio_Essentials/Images/sound-the-speed-of-sound/sound-the-speed-of-sound-photo-high-altitude-summit-01.jpg	DAPR-2000--Digital_Audio_Essentials/Images/Sound__The_Speed_of_Sound/Sound__The_Speed_of_Sound__Photo_High_Altitude_Summit.jpg
DAPR-2000--Digital_Audio_Essentials/Images/sound-the-speed-of-sound/sound-the-speed-of-sound-photo-outdoor-stage-dusk-01.jpg	DAPR-2000--Digital_Audio_Essentials/Images/Sound__The_Speed_of_Sound/Sound__The_Speed_of_Sound__Photo_Outdoor_Stage_Dusk.jpg
DAPR-2000--Digital_Audio_Essentials/Images/sound-the-speed-of-sound/sound-the-speed-of-sound-photo-steel-structure-detail-01.jpg	DAPR-2000--Digital_Audio_Essentials/Images/Sound__The_Speed_of_Sound/Sound__The_Speed_of_Sound__Photo_Steel_Structure_Detail.jpg
DAPR-2000--Digital_Audio_Essentials/Images/sound-the-speed-of-sound/sound-the-speed-of-sound-photo-underwater-light-shafts-01.jpg	DAPR-2000--Digital_Audio_Essentials/Images/Sound__The_Speed_of_Sound/Sound__The_Speed_of_Sound__Photo_Underwater_Light_Shafts.jpg
DAPR-2000--Digital_Audio_Essentials/Images/sound-wave-properties/sound-wave-properties-anatomy-01.png	DAPR-2000--Digital_Audio_Essentials/Images/Sound__Wave_Properties/Sound__Wave_Properties__Anatomy.png
DAPR-2010--Core_Recording/Images/acoustics/acoustics-early-reflections-01.png	DAPR-2010--Core_Recording/Images/Acoustics/Acoustics__Room_Plan_with_Reflection_Points_Marked.png
DAPR-2010--Core_Recording/Images/acoustics/acoustics-early-reflections-02.png	DAPR-2010--Core_Recording/Images/Acoustics/Acoustics__Room_Paths_with_Arrival_Time_Graph.png
DAPR-2010--Core_Recording/Images/acoustics/acoustics-reflection-absorption-diffusion-01.png	DAPR-2010--Core_Recording/Images/Acoustics/Acoustics__Blue_Arrow_Panels_on_Flat_Surfaces.png
DAPR-2010--Core_Recording/Images/acoustics/acoustics-reflection-absorption-diffusion-02.png	DAPR-2010--Core_Recording/Images/Acoustics/Acoustics__Blue_Arrow_Panels_with_Angle_Arc.png
DAPR-2010--Core_Recording/Images/acoustics/acoustics-standing-waves-modes-01.png	DAPR-2010--Core_Recording/Images/Acoustics/Acoustics__Standing_Waves_Modes.png
DAPR-2010--Core_Recording/Images/console-operation/console-operation-asp4816-block-diagram-full-01.png	DAPR-2010--Core_Recording/Images/Console_Operation/Console_Operation__Asp4816_Block_Diagram_Full.png
DAPR-2010--Core_Recording/Images/console-operation/console-operation-asp4816-connector-panel-01.png	DAPR-2010--Core_Recording/Images/Console_Operation/Console_Operation__Asp4816_Connector_Panel.png
DAPR-2010--Core_Recording/Images/console-operation/console-operation-asp4816-typical-configuration-01.png	DAPR-2010--Core_Recording/Images/Console_Operation/Console_Operation__Asp4816_Typical_Configuration.png
DAPR-2010--Core_Recording/Images/console-operation/console-operation-headphone-mix-flow-02.png	DAPR-2010--Core_Recording/Images/Console_Operation/Console_Operation__Headphone_Mix_Flow.png
DAPR-2010--Core_Recording/Images/console-operation/console-operation-troubleshooting-order-02.png	DAPR-2010--Core_Recording/Images/Console_Operation/Console_Operation__Troubleshooting_Order.png
DAPR-2010--Core_Recording/Images/console-signal-flow/console-signal-flow-asp4816-block-diagram-01.png	DAPR-2010--Core_Recording/Images/Console_Signal_Flow/Console_Signal_Flow__Asp4816_Block_Diagram.png
DAPR-2010--Core_Recording/Images/console-signal-flow/console-signal-flow-asp4816-full-panel-01.png	DAPR-2010--Core_Recording/Images/Console_Signal_Flow/Console_Signal_Flow__Asp4816_Full_Panel.png
DAPR-2010--Core_Recording/Images/console-signal-flow/console-signal-flow-asp4816-strip-auxiliaries-02.png	DAPR-2010--Core_Recording/Images/Console_Signal_Flow/Console_Signal_Flow__Asp4816_Strip_Auxiliaries.png
DAPR-2010--Core_Recording/Images/console-signal-flow/console-signal-flow-asp4816-strip-equalizers-02.png	DAPR-2010--Core_Recording/Images/Console_Signal_Flow/Console_Signal_Flow__Asp4816_Strip_Equalizers.png
DAPR-2010--Core_Recording/Images/console-signal-flow/console-signal-flow-asp4816-strip-input-01.png	DAPR-2010--Core_Recording/Images/Console_Signal_Flow/Console_Signal_Flow__Asp4816_Strip_Input.png
DAPR-2010--Core_Recording/Images/console-signal-flow/console-signal-flow-asp4816-strip-long-fader-02.png	DAPR-2010--Core_Recording/Images/Console_Signal_Flow/Console_Signal_Flow__Asp4816_Strip_Long_Fader.png
DAPR-2010--Core_Recording/Images/console-signal-flow/console-signal-flow-asp4816-strip-routing-02.png	DAPR-2010--Core_Recording/Images/Console_Signal_Flow/Console_Signal_Flow__Asp4816_Strip_Routing.png
DAPR-2010--Core_Recording/Images/console-signal-flow/console-signal-flow-asp4816-strip-short-fader-02.png	DAPR-2010--Core_Recording/Images/Console_Signal_Flow/Console_Signal_Flow__Asp4816_Strip_Short_Fader.png
DAPR-2010--Core_Recording/Images/course-orientation/course-orientation-course-card-01.png	DAPR-2010--Core_Recording/Images/Course_Orientation/Course_Orientation__Course_Card.png
DAPR-2010--Core_Recording/Images/digital-recording/digital-recording-air-to-file-02.png	DAPR-2010--Core_Recording/Images/Digital_Recording/Digital_Recording__Air_to_File.png
DAPR-2010--Core_Recording/Images/digital-recording/digital-recording-pro-tools-playback-engine-01.png	DAPR-2010--Core_Recording/Images/Digital_Recording/Digital_Recording__Pro_Tools_Playback_Engine.png
DAPR-2010--Core_Recording/Images/digital-recording/digital-recording-sample-rate-bit-depth-02.png	DAPR-2010--Core_Recording/Images/Digital_Recording/Digital_Recording__Sample_Rate_Bit_Depth.png
DAPR-2010--Core_Recording/Images/digital-recording/digital-recording-session-folder-02.png	DAPR-2010--Core_Recording/Images/Digital_Recording/Digital_Recording__Session_Folder.png
DAPR-2010--Core_Recording/Images/drums/drums-kit-preparation-02.png	DAPR-2010--Core_Recording/Images/Drums/Drums__Kit_Preparation.png
DAPR-2010--Core_Recording/Images/drums/drums-microphone-placement-01.png	DAPR-2010--Core_Recording/Images/Drums/Drums__Overhead_Kit_Plan_with_Red_Markers.png
DAPR-2010--Core_Recording/Images/drums/drums-microphone-placement-02.png	DAPR-2010--Core_Recording/Images/Drums/Drums__Perspective_Kit_with_Numbered_Blue_Markers.png
DAPR-2010--Core_Recording/Images/drums/drums-overhead-techniques-01.png	DAPR-2010--Core_Recording/Images/Drums/Drums__Spaced_Pair_versus_Coincident_Line_Drawing.png
DAPR-2010--Core_Recording/Images/drums/drums-overhead-techniques-02.png	DAPR-2010--Core_Recording/Images/Drums/Drums__Drum_Kit_Panels_with_Overhead_Options.png
DAPR-2010--Core_Recording/Images/drums/drums-tuning-and-prep-01.png	DAPR-2010--Core_Recording/Images/Drums/Drums__Tuning_and_Prep.png
DAPR-2010--Core_Recording/Images/gain-staging/gain-staging-decibel-scales-02.png	DAPR-2010--Core_Recording/Images/Gain_Staging/Gain_Staging__Decibel_Scales_with_Headroom_Bracket.png
DAPR-2010--Core_Recording/Images/gain-staging/gain-staging-decibel-scales-03.png	DAPR-2010--Core_Recording/Images/Gain_Staging/Gain_Staging__Decibel_Scales_Aligned_at_Nominal.png
DAPR-2010--Core_Recording/Images/gain-staging/gain-staging-headroom-noise-floor-02.png	DAPR-2010--Core_Recording/Images/Gain_Staging/Gain_Staging__Headroom_Noise_Floor.png
DAPR-2010--Core_Recording/Images/guitar-bass/guitar-bass-di-and-amp-blend-01.png	DAPR-2010--Core_Recording/Images/Guitar_and_Bass/Guitar_and_Bass__Instrument_Split_to_DI_and_Amp.png
DAPR-2010--Core_Recording/Images/guitar-bass/guitar-bass-di-and-amp-blend-02.png	DAPR-2010--Core_Recording/Images/Guitar_and_Bass/Guitar_and_Bass__Detailed_Signal_Chain_with_Orange_Note.png
DAPR-2010--Core_Recording/Images/guitar-bass/guitar-bass-speaker-cone-positions-01.png	DAPR-2010--Core_Recording/Images/Guitar_and_Bass/Guitar_and_Bass__Speaker_Cone_Face_with_Red_Markers.png
DAPR-2010--Core_Recording/Images/guitar-bass/guitar-bass-speaker-cone-positions-02.png	DAPR-2010--Core_Recording/Images/Guitar_and_Bass/Guitar_and_Bass__Speaker_Cone_with_Numbered_Blue_Callouts.png
DAPR-2010--Core_Recording/Images/impedance/impedance-bridging-versus-matching-02.png	DAPR-2010--Core_Recording/Images/Impedance/Impedance__Bridging_versus_Matching.png
DAPR-2010--Core_Recording/Images/impedance/impedance-five-connection-cases-01.png	DAPR-2010--Core_Recording/Images/Impedance/Impedance__Five_Connection_Cases.png
DAPR-2010--Core_Recording/Images/impedance/impedance-voltage-divider-02.png	DAPR-2010--Core_Recording/Images/Impedance/Impedance__Source_and_Load_Circuit_with_Table.png
DAPR-2010--Core_Recording/Images/impedance/impedance-voltage-divider-03.png	DAPR-2010--Core_Recording/Images/Impedance/Impedance__Resistor_Divider_with_Blue_Header_Table.png
DAPR-2010--Core_Recording/Images/microphones/microphones-polar-patterns-02.png	DAPR-2010--Core_Recording/Images/Microphones/Microphones__Polar_Plots_with_Ring_Scale_Legend.png
DAPR-2010--Core_Recording/Images/microphones/microphones-polar-patterns-03.png	DAPR-2010--Core_Recording/Images/Microphones/Microphones__Dark_Green_Polar_Pattern_Row.png
DAPR-2010--Core_Recording/Images/microphones/microphones-pressure-vs-gradient-01.png	DAPR-2010--Core_Recording/Images/Microphones/Microphones__Pressure_vs_Gradient.png
DAPR-2010--Core_Recording/Images/microphones/microphones-proximity-effect-02.png	DAPR-2010--Core_Recording/Images/Microphones/Microphones__Proximity_Effect.png
DAPR-2010--Core_Recording/Images/microphones/microphones-spec-sheet-anatomy-02.png	DAPR-2010--Core_Recording/Images/Microphones/Microphones__Spec_Sheet_Anatomy.png
DAPR-2010--Core_Recording/Images/microphones/microphones-transducer-types-02.png	DAPR-2010--Core_Recording/Images/Microphones/Microphones__Transducer_Types.png
DAPR-2010--Core_Recording/Images/miking-techniques/miking-techniques-coincident-arrays-02.png	DAPR-2010--Core_Recording/Images/Miking_Techniques/Miking_Techniques__Coincident_Arrays.png
DAPR-2010--Core_Recording/Images/miking-techniques/miking-techniques-phase-versus-polarity-02.png	DAPR-2010--Core_Recording/Images/Miking_Techniques/Miking_Techniques__Phase_versus_Polarity.png
DAPR-2010--Core_Recording/Images/miking-techniques/miking-techniques-spaced-arrays-01.png	DAPR-2010--Core_Recording/Images/Miking_Techniques/Miking_Techniques__ORTF_versus_Spaced_Pair_Panels.png
DAPR-2010--Core_Recording/Images/miking-techniques/miking-techniques-spaced-arrays-02.png	DAPR-2010--Core_Recording/Images/Miking_Techniques/Miking_Techniques__Array_Panels_with_Drawn_Microphones.png
DAPR-2010--Core_Recording/Images/miking-techniques/miking-techniques-three-to-one-rule-02.png	DAPR-2010--Core_Recording/Images/Miking_Techniques/Miking_Techniques__Titled_Leakage_Path_Spacing_Diagram.png
DAPR-2010--Core_Recording/Images/miking-techniques/miking-techniques-three-to-one-rule-03.png	DAPR-2010--Core_Recording/Images/Miking_Techniques/Miking_Techniques__Untitled_Leakage_Path_Spacing_Diagram.png
DAPR-2010--Core_Recording/Images/patch-bays/patch-bays-normalling-types-02.png	DAPR-2010--Core_Recording/Images/Patch_Bays/Patch_Bays__Normalling_Columns_with_Plain_Jack_Boxes.png
DAPR-2010--Core_Recording/Images/patch-bays/patch-bays-normalling-types-03.png	DAPR-2010--Core_Recording/Images/Patch_Bays/Patch_Bays__Normalling_Grid_with_Blue_Patch_Cables.png
DAPR-2010--Core_Recording/Images/patch-bays/patch-bays-studio-b-bay-map-01.png	DAPR-2010--Core_Recording/Images/Patch_Bays/Patch_Bays__Studio_B_Bay_Map.png
DAPR-2010--Core_Recording/Images/studio-business/studio-business-cost-breakdown-01.png	DAPR-2010--Core_Recording/Images/Studio_Business/Studio_Business__Cost_Breakdown.png
DAPR-2010--Core_Recording/Images/studio-business/studio-business-rate-structures-01.png	DAPR-2010--Core_Recording/Images/Studio_Business/Studio_Business__Rate_Structures.png
DAPR-2010--Core_Recording/Images/studio-care/studio-care-fragile-gear-02.png	DAPR-2010--Core_Recording/Images/Studio_Care/Studio_Care__Fragile_Gear.png
DAPR-2010--Core_Recording/Images/studio-care/studio-care-power-up-sequence-02.png	DAPR-2010--Core_Recording/Images/Studio_Care/Studio_Care__Power_Up_Sequence.png
DAPR-2010--Core_Recording/Images/studio-care/studio-care-studio-floor-plan-01.png	DAPR-2010--Core_Recording/Images/Studio_Care/Studio_Care__Studio_Floor_Plan.png
DAPR-2010--Core_Recording/Images/studio-etiquette/studio-etiquette-assistant-timeline-01.png	DAPR-2010--Core_Recording/Images/Studio_Etiquette/Studio_Etiquette__Assistant_Timeline.png
DAPR-2010--Core_Recording/Images/studio-etiquette/studio-etiquette-session-roles-02.png	DAPR-2010--Core_Recording/Images/Studio_Etiquette/Studio_Etiquette__Session_Roles.png
DAPR-2010--Core_Recording/Images/tracking/tracking-pro-tools-edit-window-01.png	DAPR-2010--Core_Recording/Images/Tracking/Tracking__Pro_Tools_Edit_Window.png
DAPR-2010--Core_Recording/Images/tracking/tracking-pro-tools-mix-window-01.png	DAPR-2010--Core_Recording/Images/Tracking/Tracking__Pro_Tools_Mix_Window.png
DAPR-2010--Core_Recording/Images/tracking/tracking-pro-tools-record-arm-controls-01.png	DAPR-2010--Core_Recording/Images/Tracking/Tracking__Pro_Tools_Record_Arm_Controls.png
DAPR-2010--Core_Recording/Images/tracking/tracking-punch-and-playlists-02.png	DAPR-2010--Core_Recording/Images/Tracking/Tracking__Punch_and_Playlists.png
DAPR-2010--Core_Recording/Images/vocals/vocals-comping-playlists-01.png	DAPR-2010--Core_Recording/Images/Vocals/Vocals__Comping_Playlists.png
DAPR-2010--Core_Recording/Images/vocals/vocals-recording-chain-01.png	DAPR-2010--Core_Recording/Images/Vocals/Vocals__Recording_Chain.png
DAPR-2020--Core_Mixing/Images/Balancing_and_Reverb/balancing-and-reverb-d-verb-algorithms-and-decay-01.png	DAPR-2020--Core_Mixing/Images/Balancing_and_Reverb/Balancing_and_Reverb__D_Verb_Algorithms_and_Decay.png
DAPR-2020--Core_Mixing/Images/Balancing_and_Reverb/balancing-and-reverb-send-versus-insert-routing-01.png	DAPR-2020--Core_Mixing/Images/Balancing_and_Reverb/Balancing_and_Reverb__Send_versus_Insert_Routing.png
DAPR-2020--Core_Mixing/Images/Balancing_and_Reverb/balancing-and-reverb-space-scale-comparison-01.png	DAPR-2020--Core_Mixing/Images/Balancing_and_Reverb/Balancing_and_Reverb__Space_Scale_Comparison.png
DAPR-2020--Core_Mixing/Images/Calibration_and_Monitoring/calibration-and-monitoring-gain-stages-chain-01.png	DAPR-2020--Core_Mixing/Images/Calibration_and_Monitoring/Calibration_and_Monitoring__Gain_Stages_Chain.png
DAPR-2020--Core_Mixing/Images/Calibration_and_Monitoring/calibration-and-monitoring-gain-staging-chain-01.png	DAPR-2020--Core_Mixing/Images/Calibration_and_Monitoring/Calibration_and_Monitoring__Gain_Staging_Chain.png
DAPR-2020--Core_Mixing/Images/Calibration_and_Monitoring/calibration-and-monitoring-head-torso-measurement-01.png	DAPR-2020--Core_Mixing/Images/Calibration_and_Monitoring/Calibration_and_Monitoring__Head_Torso_Measurement.png
DAPR-2020--Core_Mixing/Images/Calibration_and_Monitoring/calibration-and-monitoring-headphone-seal-cross-section-01.png	DAPR-2020--Core_Mixing/Images/Calibration_and_Monitoring/Calibration_and_Monitoring__Headphone_Seal_Cross_Section.png
DAPR-2020--Core_Mixing/Images/Calibration_and_Monitoring/calibration-and-monitoring-metering-preferences-01.png	DAPR-2020--Core_Mixing/Images/Calibration_and_Monitoring/Calibration_and_Monitoring__Metering_Preferences.png
DAPR-2020--Core_Mixing/Images/Comping_and_Arrangement/comping-and-arrangement-crossfade-placement-01.png	DAPR-2020--Core_Mixing/Images/Comping_and_Arrangement/Comping_and_Arrangement__Green_to_Blue_Waveform_Splice_Pair.png
DAPR-2020--Core_Mixing/Images/Comping_and_Arrangement/comping-and-arrangement-crossfade-placement-02.png	DAPR-2020--Core_Mixing/Images/Comping_and_Arrangement/Comping_and_Arrangement__Gray_Clips_with_Star_and_Crossfade.png
DAPR-2020--Core_Mixing/Images/Comping_and_Arrangement/comping-and-arrangement-playlist-comp-lanes-01.png	DAPR-2020--Core_Mixing/Images/Comping_and_Arrangement/Comping_and_Arrangement__Playlist_Comp_Lanes.png
DAPR-2020--Core_Mixing/Images/Comping_and_Arrangement/pro-tools-playlist-selector-new-playlist.png	DAPR-2020--Core_Mixing/Images/Comping_and_Arrangement/Comping_and_Arrangement__Pro_Tools_Playlist_Selector_New_Playlist.png
DAPR-2020--Core_Mixing/Images/Course_Orientation_and_Feedback/Core_Mixing_-_DAPR_2020.png	DAPR-2020--Core_Mixing/Images/Course_Orientation_and_Feedback/Course_Orientation_and_Feedback__Core_Mixing_DAPR_2020.png
DAPR-2020--Core_Mixing/Images/Course_Orientation_and_Feedback/Core_Recording_-_DAPR_2010-002.png	DAPR-2020--Core_Mixing/Images/Course_Orientation_and_Feedback/Course_Orientation_and_Feedback__Core_Recording_DAPR_2010_002.png
DAPR-2020--Core_Mixing/Images/Course_Orientation_and_Feedback/Course_Outline.png	DAPR-2020--Core_Mixing/Images/Course_Orientation_and_Feedback/Course_Orientation_and_Feedback__Course_Outline.png
DAPR-2020--Core_Mixing/Images/Course_Orientation_and_Feedback/Gemini_Generated_Image_31wn4e31wn4e31wn.png	DAPR-2020--Core_Mixing/Images/Course_Orientation_and_Feedback/Course_Orientation_and_Feedback__Gemini_Generated_Image_31wn4e31wn4e31wn.png
DAPR-2020--Core_Mixing/Images/Course_Orientation_and_Feedback/Open_Canvas_Page_in_New_Tab.png	DAPR-2020--Core_Mixing/Images/Course_Orientation_and_Feedback/Course_Orientation_and_Feedback__Open_Canvas_Page_in_New_Tab.png
DAPR-2020--Core_Mixing/Images/Course_Orientation_and_Feedback/Please_Complete_Your_Course_Evaluations_.png	DAPR-2020--Core_Mixing/Images/Course_Orientation_and_Feedback/Course_Orientation_and_Feedback__Please_Complete_Your_Course_Evaluations.png
DAPR-2020--Core_Mixing/Images/Course_Orientation_and_Feedback/Screenshot_2026-04-29_at_8.20.14AM.jpg	DAPR-2020--Core_Mixing/Images/Course_Orientation_and_Feedback/Course_Orientation_and_Feedback__Dark_Purple_Course_Title_Card.jpg
DAPR-2020--Core_Mixing/Images/Course_Orientation_and_Feedback/Student_Course_Evaluations.png	DAPR-2020--Core_Mixing/Images/Course_Orientation_and_Feedback/Course_Orientation_and_Feedback__Student_Course_Evaluations.png
DAPR-2020--Core_Mixing/Images/Course_Orientation_and_Feedback/avtech-engage.jpg	DAPR-2020--Core_Mixing/Images/Course_Orientation_and_Feedback/Course_Orientation_and_Feedback__Avtech_Engage.jpg
DAPR-2020--Core_Mixing/Images/Course_Orientation_and_Feedback/course-orientation-and-feedback-grade-breakdown-01.png	DAPR-2020--Core_Mixing/Images/Course_Orientation_and_Feedback/Course_Orientation_and_Feedback__Grade_Breakdown.png
DAPR-2020--Core_Mixing/Images/Course_Orientation_and_Feedback/course-orientation-and-feedback-learning-outcomes-01.png	DAPR-2020--Core_Mixing/Images/Course_Orientation_and_Feedback/Course_Orientation_and_Feedback__Learning_Outcomes.png
DAPR-2020--Core_Mixing/Images/Course_Orientation_and_Feedback/course-orientation-and-feedback-weekly-rhythm-01.png	DAPR-2020--Core_Mixing/Images/Course_Orientation_and_Feedback/Course_Orientation_and_Feedback__Weekly_Rhythm.png
DAPR-2020--Core_Mixing/Images/Course_Orientation_and_Feedback/course-orientation-and-feedback-worksheet-to-pdf-flow-01.png	DAPR-2020--Core_Mixing/Images/Course_Orientation_and_Feedback/Course_Orientation_and_Feedback__Worksheet_to_Pdf_Flow.png
DAPR-2020--Core_Mixing/Images/Dynamic_Effects/Compression_Switch.png	DAPR-2020--Core_Mixing/Images/Dynamic_Effects/Dynamic_Effects__Compression_Switch.png
DAPR-2020--Core_Mixing/Images/Dynamic_Effects/Six_Rules_of_Compression.png	DAPR-2020--Core_Mixing/Images/Dynamic_Effects/Dynamic_Effects__Six_Rules_of_Compression.png
DAPR-2020--Core_Mixing/Images/Dynamic_Effects/dynamic-effects-attack-too-fast-transient-loss-01.png	DAPR-2020--Core_Mixing/Images/Dynamic_Effects/Dynamic_Effects__Attack_Too_Fast_Transient_Loss.png
DAPR-2020--Core_Mixing/Images/Dynamic_Effects/dynamic-effects-dyn3-compressor-controls-01.png	DAPR-2020--Core_Mixing/Images/Dynamic_Effects/Dynamic_Effects__Dyn3_Compressor_Controls.png
DAPR-2020--Core_Mixing/Images/Dynamic_Effects/dynamic-effects-pro-compressor-side-chain-key-input-01.png	DAPR-2020--Core_Mixing/Images/Dynamic_Effects/Dynamic_Effects__Pro_Compressor_Side_Chain_Key_Input.png
DAPR-2020--Core_Mixing/Images/Dynamic_Effects/dynamic-effects-side-chain-filter-kick-pumping-01.png	DAPR-2020--Core_Mixing/Images/Dynamic_Effects/Dynamic_Effects__Side_Chain_Filter_Kick_Pumping.png
DAPR-2020--Core_Mixing/Images/Focus_and_Balance/Owen_Peterson_-_Technical_Ear_Trainer.png	DAPR-2020--Core_Mixing/Images/Focus_and_Balance/Focus_and_Balance__Owen_Peterson_Technical_Ear_Trainer.png
DAPR-2020--Core_Mixing/Images/Focus_and_Balance/Pro_Tools_-_Mix_Window.png	DAPR-2020--Core_Mixing/Images/Focus_and_Balance/Focus_and_Balance__Pro_Tools_Mix_Window.png
DAPR-2020--Core_Mixing/Images/Focus_and_Balance/focus-and-balance-channel-strip-anatomy-01.png	DAPR-2020--Core_Mixing/Images/Focus_and_Balance/Focus_and_Balance__Channel_Strip_Anatomy.png
DAPR-2020--Core_Mixing/Images/Focus_and_Balance/focus-and-balance-drum-mic-path-lengths-01.png	DAPR-2020--Core_Mixing/Images/Focus_and_Balance/Focus_and_Balance__Drum_Mic_Path_Lengths.png
DAPR-2020--Core_Mixing/Images/Focus_and_Balance/focus-and-balance-five-pass-mix-order-01.png	DAPR-2020--Core_Mixing/Images/Focus_and_Balance/Focus_and_Balance__Five_Pass_Mix_Order.png
DAPR-2020--Core_Mixing/Images/Focus_and_Balance/focus-and-balance-multi-system-playback-check-01.png	DAPR-2020--Core_Mixing/Images/Focus_and_Balance/Focus_and_Balance__Multi_System_Playback_Check.png
DAPR-2020--Core_Mixing/Images/Focus_and_Balance/focus-and-balance-solo-versus-context-01.png	DAPR-2020--Core_Mixing/Images/Focus_and_Balance/Focus_and_Balance__Single_Blue_Burst_beside_Stacked_Tracks.png
DAPR-2020--Core_Mixing/Images/Focus_and_Balance/focus-and-balance-solo-versus-context-02.png	DAPR-2020--Core_Mixing/Images/Focus_and_Balance/Focus_and_Balance__Single_Clip_beside_Stacked_Track_Rows.png
DAPR-2020--Core_Mixing/Images/Focus_and_Balance/focus-and-balance-stereo-field-map-01.png	DAPR-2020--Core_Mixing/Images/Focus_and_Balance/Focus_and_Balance__Stereo_Field_Map.png
DAPR-2020--Core_Mixing/Images/Mid_Side_Technique/mid-side-technique-figure-8-null-plane-01.png	DAPR-2020--Core_Mixing/Images/Mid-Side_Technique/Mid-Side_Technique__Figure_8_Null_Plane.png
DAPR-2020--Core_Mixing/Images/Mid_Side_Technique/mid-side-technique-ms-matrix-signal-flow-01.png	DAPR-2020--Core_Mixing/Images/Mid-Side_Technique/Mid-Side_Technique__Ms_Matrix_Signal_Flow.png
DAPR-2020--Core_Mixing/Images/Mix_Acoustics/mix-acoustics-first-reflection-points-01.png	DAPR-2020--Core_Mixing/Images/Mix_Acoustics/Mix_Acoustics__First_Reflection_Points.png
DAPR-2020--Core_Mixing/Images/Mix_Acoustics/mix-acoustics-listening-triangle-overhead-01.png	DAPR-2020--Core_Mixing/Images/Mix_Acoustics/Mix_Acoustics__Listening_Triangle_Overhead.png
DAPR-2020--Core_Mixing/Images/Mix_Acoustics/mix-acoustics-thin-foam-versus-broadband-01.png	DAPR-2020--Core_Mixing/Images/Mix_Acoustics/Mix_Acoustics__Thin_Foam_versus_Broadband.png
DAPR-2020--Core_Mixing/Images/Mix_Acoustics/mix-acoustics-treatment-types-comparison-01.png	DAPR-2020--Core_Mixing/Images/Mix_Acoustics/Mix_Acoustics__Treatment_Types_Comparison.png
DAPR-2020--Core_Mixing/Images/Pro_Tools_Fundamentals/PT_identify_beat_bar_beat_markers.jpg	DAPR-2020--Core_Mixing/Images/Pro_Tools_Fundamentals/Pro_Tools_Fundamentals__PT_Identify_Beat_Bar_Beat_Markers.jpg
DAPR-2020--Core_Mixing/Images/Pro_Tools_Fundamentals/pro-tools-fundamentals-dashboard-new-session-01.png	DAPR-2020--Core_Mixing/Images/Pro_Tools_Fundamentals/Pro_Tools_Fundamentals__Dashboard_New_Session.png
DAPR-2020--Core_Mixing/Images/Professional_Practice_Presentations_and_Sessions/Core_Mixing_Lab_-_DAPR_2020L.png	DAPR-2020--Core_Mixing/Images/Professional_Practice_Presentations_and_Sessions/Professional_Practice_Presentations_and_Sessions__Core_Mixing_Lab_DAPR_2020L.png
DAPR-2020--Core_Mixing/Images/Professional_Practice_Presentations_and_Sessions/professional-practice-bounce-specification-01.png	DAPR-2020--Core_Mixing/Images/Professional_Practice_Presentations_and_Sessions/Professional_Practice_Presentations_and_Sessions__Professional_Practice_Bounce_Specification.png
DAPR-2020--Core_Mixing/Images/Professional_Practice_Presentations_and_Sessions/professional-practice-bounce-truncation-01.png	DAPR-2020--Core_Mixing/Images/Professional_Practice_Presentations_and_Sessions/Professional_Practice_Presentations_and_Sessions__Professional_Practice_Bounce_Truncation.png
DAPR-2020--Core_Mixing/Images/Professional_Practice_Presentations_and_Sessions/professional-practice-delivery-verification-checklist-01.png	DAPR-2020--Core_Mixing/Images/Professional_Practice_Presentations_and_Sessions/Professional_Practice_Presentations_and_Sessions__Professional_Practice_Delivery_Verification_Checklist.png
DAPR-2020--Core_Mixing/Images/Professional_Practice_Presentations_and_Sessions/professional-practice-multitrack-download-flow-01.png	DAPR-2020--Core_Mixing/Images/Professional_Practice_Presentations_and_Sessions/Professional_Practice_Presentations_and_Sessions__Professional_Practice_Multitrack_Download_Flow.png
DAPR-2020--Core_Mixing/Images/Professional_Practice_Presentations_and_Sessions/professional-practice-network-drive-path-01.png	DAPR-2020--Core_Mixing/Images/Professional_Practice_Presentations_and_Sessions/Professional_Practice_Presentations_and_Sessions__Professional_Practice_Network_Drive_Path.png
DAPR-2020--Core_Mixing/Images/Professional_Practice_Presentations_and_Sessions/professional-practice-session-delivery-package-01.png	DAPR-2020--Core_Mixing/Images/Professional_Practice_Presentations_and_Sessions/Professional_Practice_Presentations_and_Sessions__Professional_Practice_Session_Delivery_Package.png
DAPR-2020--Core_Mixing/Images/Spectral_Effects_and_EQ/VocalEQCheatSheet.JPG	DAPR-2020--Core_Mixing/Images/Spectral_Effects_and_EQ/Spectral_Effects_and_EQ__Vocal_EQ_Frequency_Band_Chart.jpg
DAPR-2020--Core_Mixing/Images/Spectral_Effects_and_EQ/spectral-effects-and-eq-304e-equalizer-window-01.png	DAPR-2020--Core_Mixing/Images/Spectral_Effects_and_EQ/Spectral_Effects_and_EQ__304e_Equalizer_Window.png
DAPR-2020--Core_Mixing/Images/Spectral_Effects_and_EQ/spectral-effects-and-eq-boost-wide-cut-narrow-01.png	DAPR-2020--Core_Mixing/Images/Spectral_Effects_and_EQ/Spectral_Effects_and_EQ__Boost_Wide_Cut_Narrow.png
DAPR-2020--Core_Mixing/Images/Timing/pro-tools-tce-plugin-preferences.png	DAPR-2020--Core_Mixing/Images/Timing/Timing__Pro_Tools_Tce_Plugin_Preferences.png
DAPR-2020--Core_Mixing/Images/Timing/timing-elastic-audio-warp-markers-01.png	DAPR-2020--Core_Mixing/Images/Timing/Timing__Elastic_Audio_Warp_Markers.png
DAPR-2020--Core_Mixing/Images/Timing/timing-quantize-strength-comparison-01.png	DAPR-2020--Core_Mixing/Images/Timing/Timing__Waveform_Rows_against_Grid_Lines.png
DAPR-2020--Core_Mixing/Images/Timing/timing-quantize-strength-comparison-02.png	DAPR-2020--Core_Mixing/Images/Timing/Timing__Marker_Rows_at_Varying_Offsets.png
DAPR-2020--Core_Mixing/Images/Timing/timing-tuning-correction-amount-comparison-02.png	DAPR-2020--Core_Mixing/Images/Tuning/Tuning__Correction_Amount_Comparison_Boxed.png
DAPR-2020--Core_Mixing/Images/Timing/timing-tuning-scale-and-target-notes-02.png	DAPR-2020--Core_Mixing/Images/Tuning/Tuning__Scale_and_Target_Notes_Boxed.png
DAPR-2020--Core_Mixing/Images/Timing/tuning-correction-amount-comparison-01.png	DAPR-2020--Core_Mixing/Images/Tuning/Tuning__Correction_Amount_Comparison_Curves.png
DAPR-2020--Core_Mixing/Images/Timing/tuning-correction-speed-scoop-01.png	DAPR-2020--Core_Mixing/Images/Tuning/Tuning__Correction_Speed_Scoop.png
DAPR-2020--Core_Mixing/Images/Timing/tuning-scale-and-target-notes-01.png	DAPR-2020--Core_Mixing/Images/Tuning/Tuning__Scale_and_Target_Notes_Curves.png
DAPR-2020--Core_Mixing/Images/delay-and-stereo-enhancements/delay-and-stereo-enhancements-mono-collapse-check-01.png	DAPR-2020--Core_Mixing/Images/Delay_and_Stereo_Enhancements/Delay_and_Stereo_Enhancements__Mono_Collapse_Check.png
DAPR-2020--Core_Mixing/Images/delay-and-stereo-enhancements/delay-and-stereo-enhancements-moogerfooger-analog-delay-01.png	DAPR-2020--Core_Mixing/Images/Delay_and_Stereo_Enhancements/Delay_and_Stereo_Enhancements__Moogerfooger_Analog_Delay.png
DAPR-2020--Core_Mixing/Images/macOS_Foundations/aax_plugins_folder.png	DAPR-2020--Core_Mixing/Images/macOS_Foundations/macOS_Foundations__Aax_Plugins_Folder.png
DAPR-2020--Core_Mixing/Images/macOS_Foundations/about_general_settings.png	DAPR-2020--Core_Mixing/Images/macOS_Foundations/macOS_Foundations__About_General_Settings.png
DAPR-2020--Core_Mixing/Images/macOS_Foundations/about_this_mac.png	DAPR-2020--Core_Mixing/Images/macOS_Foundations/macOS_Foundations__About_This_MAC.png
DAPR-2020--Core_Mixing/Images/macOS_Foundations/about_this_mac_m5.png	DAPR-2020--Core_Mixing/Images/macOS_Foundations/macOS_Foundations__About_This_MAC_M5.png
DAPR-2020--Core_Mixing/Images/macOS_Foundations/activity_monitor_cpu_tab.png	DAPR-2020--Core_Mixing/Images/macOS_Foundations/macOS_Foundations__Activity_Monitor_Cpu_Tab.png
DAPR-2020--Core_Mixing/Images/macOS_Foundations/air_effects_pkg_installer.png	DAPR-2020--Core_Mixing/Images/macOS_Foundations/macOS_Foundations__Air_Effects_Pkg_Installer.png
DAPR-2020--Core_Mixing/Images/macOS_Foundations/apogee_installer_example.png	DAPR-2020--Core_Mixing/Images/macOS_Foundations/macOS_Foundations__Apogee_Installer_Example.png
DAPR-2020--Core_Mixing/Images/macOS_Foundations/app_leftover_files.svg	DAPR-2020--Core_Mixing/Images/macOS_Foundations/macOS_Foundations__App_Leftover_Files.svg
DAPR-2020--Core_Mixing/Images/macOS_Foundations/application_support_folder.png	DAPR-2020--Core_Mixing/Images/macOS_Foundations/macOS_Foundations__Application_Support_Folder.png
DAPR-2020--Core_Mixing/Images/macOS_Foundations/audio_devices_window.png	DAPR-2020--Core_Mixing/Images/macOS_Foundations/macOS_Foundations__Audio_Devices_Window.png
DAPR-2020--Core_Mixing/Images/macOS_Foundations/audio_midi_setup_midi_studio.png	DAPR-2020--Core_Mixing/Images/macOS_Foundations/macOS_Foundations__Audio_MIDI_Setup_MIDI_Studio.png
DAPR-2020--Core_Mixing/Images/macOS_Foundations/cd_alias_icon.png	DAPR-2020--Core_Mixing/Images/macOS_Foundations/macOS_Foundations__Cd_Alias_Icon.png
DAPR-2020--Core_Mixing/Images/macOS_Foundations/cloud_status_icon.png	DAPR-2020--Core_Mixing/Images/macOS_Foundations/macOS_Foundations__Cloud_Status_Icon.png
DAPR-2020--Core_Mixing/Images/macOS_Foundations/cmd_opt_h_after.jpg	DAPR-2020--Core_Mixing/Images/macOS_Foundations/macOS_Foundations__Cmd_Opt_H_After.jpg
DAPR-2020--Core_Mixing/Images/macOS_Foundations/cmd_opt_h_before.jpg	DAPR-2020--Core_Mixing/Images/macOS_Foundations/macOS_Foundations__Cmd_Opt_H_Before.jpg
DAPR-2020--Core_Mixing/Images/macOS_Foundations/compress_context_menu.png	DAPR-2020--Core_Mixing/Images/macOS_Foundations/macOS_Foundations__Compress_Context_Menu.png
DAPR-2020--Core_Mixing/Images/macOS_Foundations/compressed_zip_result.png	DAPR-2020--Core_Mixing/Images/macOS_Foundations/macOS_Foundations__Compressed_Zip_Result.png
DAPR-2020--Core_Mixing/Images/macOS_Foundations/console_no_messages.png	DAPR-2020--Core_Mixing/Images/macOS_Foundations/macOS_Foundations__Console_No_Messages.png
DAPR-2020--Core_Mixing/Images/macOS_Foundations/cpu_architecture_timeline.svg	DAPR-2020--Core_Mixing/Images/macOS_Foundations/macOS_Foundations__Cpu_Architecture_Timeline.svg
DAPR-2020--Core_Mixing/Images/macOS_Foundations/disk_utility_erase_dialog.png	DAPR-2020--Core_Mixing/Images/macOS_Foundations/macOS_Foundations__Disk_Utility_Erase_Dialog.png
DAPR-2020--Core_Mixing/Images/macOS_Foundations/disk_utility_macintosh_hd.png	DAPR-2020--Core_Mixing/Images/macOS_Foundations/macOS_Foundations__Disk_Utility_Macintosh_Hd.png
DAPR-2020--Core_Mixing/Images/macOS_Foundations/dmg_pkg_exe_flow.svg	DAPR-2020--Core_Mixing/Images/macOS_Foundations/macOS_Foundations__Dmg_Pkg_Exe_Flow.svg
DAPR-2020--Core_Mixing/Images/macOS_Foundations/dolby_audio_bridge_speaker_config.png	DAPR-2020--Core_Mixing/Images/macOS_Foundations/macOS_Foundations__Dolby_Audio_Bridge_Speaker_Config.png
DAPR-2020--Core_Mixing/Images/macOS_Foundations/dropbox_installer.png	DAPR-2020--Core_Mixing/Images/macOS_Foundations/macOS_Foundations__Dropbox_Installer.png
DAPR-2020--Core_Mixing/Images/macOS_Foundations/external_drive_sidebar.png	DAPR-2020--Core_Mixing/Images/macOS_Foundations/macOS_Foundations__External_Drive_Sidebar.png
DAPR-2020--Core_Mixing/Images/macOS_Foundations/file_system_timeline.svg	DAPR-2020--Core_Mixing/Images/macOS_Foundations/macOS_Foundations__File_System_Timeline.svg
DAPR-2020--Core_Mixing/Images/macOS_Foundations/finder_settings_advanced.png	DAPR-2020--Core_Mixing/Images/macOS_Foundations/macOS_Foundations__Finder_Settings_Advanced.png
DAPR-2020--Core_Mixing/Images/macOS_Foundations/finder_settings_general.png	DAPR-2020--Core_Mixing/Images/macOS_Foundations/macOS_Foundations__Finder_Settings_General.png
DAPR-2020--Core_Mixing/Images/macOS_Foundations/finder_view_options.png	DAPR-2020--Core_Mixing/Images/macOS_Foundations/macOS_Foundations__Finder_View_Options.png
DAPR-2020--Core_Mixing/Images/macOS_Foundations/force_quit_window.png	DAPR-2020--Core_Mixing/Images/macOS_Foundations/macOS_Foundations__Force_Quit_Window.png
DAPR-2020--Core_Mixing/Images/macOS_Foundations/function_keys_panel.png	DAPR-2020--Core_Mixing/Images/macOS_Foundations/macOS_Foundations__Function_Keys_Panel.png
DAPR-2020--Core_Mixing/Images/macOS_Foundations/get_info_kind_architecture.png	DAPR-2020--Core_Mixing/Images/macOS_Foundations/macOS_Foundations__Get_Info_Kind_Architecture.png
DAPR-2020--Core_Mixing/Images/macOS_Foundations/go_to_folder_autocomplete.png	DAPR-2020--Core_Mixing/Images/macOS_Foundations/macOS_Foundations__Go_to_Folder_Autocomplete.png
DAPR-2020--Core_Mixing/Images/macOS_Foundations/hardware_software_firmware_stack.svg	DAPR-2020--Core_Mixing/Images/macOS_Foundations/macOS_Foundations__Hardware_Software_Firmware_Stack.svg
DAPR-2020--Core_Mixing/Images/macOS_Foundations/home_folder_contents.png	DAPR-2020--Core_Mixing/Images/macOS_Foundations/macOS_Foundations__Home_Folder_Contents.png
DAPR-2020--Core_Mixing/Images/macOS_Foundations/launch_agents_daemons_folders.png	DAPR-2020--Core_Mixing/Images/macOS_Foundations/macOS_Foundations__Launch_Agents_Daemons_Folders.png
DAPR-2020--Core_Mixing/Images/macOS_Foundations/launch_agents_vs_daemons.svg	DAPR-2020--Core_Mixing/Images/macOS_Foundations/macOS_Foundations__Launch_Agents_vs_Daemons.svg
DAPR-2020--Core_Mixing/Images/macOS_Foundations/launchctl_list_terminal.png	DAPR-2020--Core_Mixing/Images/macOS_Foundations/macOS_Foundations__Launchctl_List_Terminal.png
DAPR-2020--Core_Mixing/Images/macOS_Foundations/leftover_folder_diagram.svg	DAPR-2020--Core_Mixing/Images/macOS_Foundations/macOS_Foundations__Leftover_Folder_Diagram.svg
DAPR-2020--Core_Mixing/Images/macOS_Foundations/library_audio_folder.png	DAPR-2020--Core_Mixing/Images/macOS_Foundations/macOS_Foundations__Library_Audio_Folder.png
DAPR-2020--Core_Mixing/Images/macOS_Foundations/login_items_panel.png	DAPR-2020--Core_Mixing/Images/macOS_Foundations/macOS_Foundations__Login_Items_Panel.png
DAPR-2020--Core_Mixing/Images/macOS_Foundations/macintosh_hd_get_info.png	DAPR-2020--Core_Mixing/Images/macOS_Foundations/macOS_Foundations__Macintosh_Hd_Get_Info.png
DAPR-2020--Core_Mixing/Images/macOS_Foundations/mouse_settings_panel.png	DAPR-2020--Core_Mixing/Images/macOS_Foundations/macOS_Foundations__Mouse_Settings_Panel.png
DAPR-2020--Core_Mixing/Images/macOS_Foundations/new_smart_folder_menu.png	DAPR-2020--Core_Mixing/Images/macOS_Foundations/macOS_Foundations__New_Smart_Folder_Menu.png
DAPR-2020--Core_Mixing/Images/macOS_Foundations/package_contents_folder.png	DAPR-2020--Core_Mixing/Images/macOS_Foundations/macOS_Foundations__Package_Contents_Folder.png
DAPR-2020--Core_Mixing/Images/macOS_Foundations/package_contents_menu.png	DAPR-2020--Core_Mixing/Images/macOS_Foundations/macOS_Foundations__Package_Contents_Menu.png
DAPR-2020--Core_Mixing/Images/macOS_Foundations/privacy_security_pane.svg	DAPR-2020--Core_Mixing/Images/macOS_Foundations/macOS_Foundations__Privacy_Security_Pane.svg
DAPR-2020--Core_Mixing/Images/macOS_Foundations/quick_look_preview.png	DAPR-2020--Core_Mixing/Images/macOS_Foundations/macOS_Foundations__Quick_Look_Preview.png
DAPR-2020--Core_Mixing/Images/macOS_Foundations/root_folder_tree.svg	DAPR-2020--Core_Mixing/Images/macOS_Foundations/macOS_Foundations__Root_Folder_Tree.svg
DAPR-2020--Core_Mixing/Images/macOS_Foundations/screenshot_toolbar_diagram.svg	DAPR-2020--Core_Mixing/Images/macOS_Foundations/macOS_Foundations__Dark_Toolbar_with_Labeled_Capture_Buttons.svg
DAPR-2020--Core_Mixing/Images/macOS_Foundations/screenshot_toolbar_options.jpg	DAPR-2020--Core_Mixing/Images/macOS_Foundations/macOS_Foundations__Screenshot_Options_Menu_over_System_Settings.jpg
DAPR-2020--Core_Mixing/Images/macOS_Foundations/sharing_permissions.png	DAPR-2020--Core_Mixing/Images/macOS_Foundations/macOS_Foundations__Sharing_Permissions.png
DAPR-2020--Core_Mixing/Images/macOS_Foundations/skim_dmg_drag_to_applications.png	DAPR-2020--Core_Mixing/Images/macOS_Foundations/macOS_Foundations__Skim_Dmg_Drag_to_Applications.png
DAPR-2020--Core_Mixing/Images/macOS_Foundations/smart_folder_icon.png	DAPR-2020--Core_Mixing/Images/macOS_Foundations/macOS_Foundations__Smart_Folder_Icon.png
DAPR-2020--Core_Mixing/Images/macOS_Foundations/smart_folder_results.png	DAPR-2020--Core_Mixing/Images/macOS_Foundations/macOS_Foundations__Smart_Folder_Results.png
DAPR-2020--Core_Mixing/Images/macOS_Foundations/sound_output_list.png	DAPR-2020--Core_Mixing/Images/macOS_Foundations/macOS_Foundations__Sound_Output_List.png
DAPR-2020--Core_Mixing/Images/macOS_Foundations/spotlight_audio_midi_setup.jpg	DAPR-2020--Core_Mixing/Images/macOS_Foundations/macOS_Foundations__Spotlight_Audio_MIDI_Setup.jpg
DAPR-2020--Core_Mixing/Images/macOS_Foundations/spotlight_pro_tools.jpg	DAPR-2020--Core_Mixing/Images/macOS_Foundations/macOS_Foundations__Spotlight_Pro_Tools.jpg
DAPR-2020--Core_Mixing/Images/macOS_Foundations/system_info_memory.png	DAPR-2020--Core_Mixing/Images/macOS_Foundations/macOS_Foundations__System_Info_Memory.png
DAPR-2020--Core_Mixing/Images/macOS_Foundations/system_information_usb.png	DAPR-2020--Core_Mixing/Images/macOS_Foundations/macOS_Foundations__System_Information_USB.png
DAPR-2020--Core_Mixing/Images/macOS_Foundations/terminal_pwd_ls_cd.png	DAPR-2020--Core_Mixing/Images/macOS_Foundations/macOS_Foundations__Terminal_Pwd_Ls_Cd.png
DAPR-2020--Core_Mixing/Images/macOS_Foundations/time_machine_restore.jpg	DAPR-2020--Core_Mixing/Images/macOS_Foundations/macOS_Foundations__Time_Machine_Restore.jpg
DAPR-2020--Core_Mixing/Images/macOS_Foundations/turbotax_leftover_folder.png	DAPR-2020--Core_Mixing/Images/macOS_Foundations/macOS_Foundations__Turbotax_Leftover_Folder.png
DAPR-2020--Core_Mixing/Images/macOS_Foundations/utilities_folder.png	DAPR-2020--Core_Mixing/Images/macOS_Foundations/macOS_Foundations__Utilities_Folder.png
DAPR-2020--Core_Mixing/Images/master-buss-processing-and-endgame/master-buss-processing-and-endgame-channel-strip-full-window-01.png	DAPR-2020--Core_Mixing/Images/Master_Bus_Processing_and_Endgame/Master_Bus_Processing_and_Endgame__Channel_Strip_Full_Window.png
DAPR-2020--Core_Mixing/Images/master-buss-processing-and-endgame/master-buss-processing-and-endgame-headroom-on-delivery-01.png	DAPR-2020--Core_Mixing/Images/Master_Bus_Processing_and_Endgame/Master_Bus_Processing_and_Endgame__Headroom_on_Delivery.png
DAPR-2255--Audio_Hardware_I/Images/ac-dc-electricity/ac-dc-electricity-ac-vs-dc-traces.png	DAPR-2255--Audio_Hardware_I/Images/AC-DC_Electricity/AC-DC_Electricity__AC_vs_DC_Traces.png
DAPR-2255--Audio_Hardware_I/Images/ac-dc-electricity/ac-dc-electricity-ac-waveform.png	DAPR-2255--Audio_Hardware_I/Images/AC-DC_Electricity/AC-DC_Electricity__AC_Waveform.png
DAPR-2255--Audio_Hardware_I/Images/ac-dc-electricity/ac-dc-electricity-assignment-bench-01.jpg	DAPR-2255--Audio_Hardware_I/Images/AC-DC_Electricity/AC-DC_Electricity__Assignment_Bench.jpg
DAPR-2255--Audio_Hardware_I/Images/ac-dc-electricity/ac-dc-electricity-audio-ac-vs-power-ac.png	DAPR-2255--Audio_Hardware_I/Images/AC-DC_Electricity/AC-DC_Electricity__Audio_AC_vs_Power_AC.png
DAPR-2255--Audio_Hardware_I/Images/ac-dc-electricity/ac-dc-electricity-audio-signal-levels.png	DAPR-2255--Audio_Hardware_I/Images/AC-DC_Electricity/AC-DC_Electricity__Audio_Signal_Levels.png
DAPR-2255--Audio_Hardware_I/Images/ac-dc-electricity/ac-dc-electricity-battery-lamp-circuit-01.jpg	DAPR-2255--Audio_Hardware_I/Images/AC-DC_Electricity/AC-DC_Electricity__Battery_Lamp_Circuit.jpg
DAPR-2255--Audio_Hardware_I/Images/ac-dc-electricity/ac-dc-electricity-bench-psu.jpg	DAPR-2255--Audio_Hardware_I/Images/AC-DC_Electricity/AC-DC_Electricity__Bench_Psu.jpg
DAPR-2255--Audio_Hardware_I/Images/ac-dc-electricity/ac-dc-electricity-frequency-and-period.png	DAPR-2255--Audio_Hardware_I/Images/AC-DC_Electricity/AC-DC_Electricity__Frequency_and_Period.png
DAPR-2255--Audio_Hardware_I/Images/ac-dc-electricity/ac-dc-electricity-frequency-worked-examples.png	DAPR-2255--Audio_Hardware_I/Images/AC-DC_Electricity/AC-DC_Electricity__Frequency_Worked_Examples.png
DAPR-2255--Audio_Hardware_I/Images/ac-dc-electricity/ac-dc-electricity-nikola-tesla.jpg	DAPR-2255--Audio_Hardware_I/Images/AC-DC_Electricity/AC-DC_Electricity__Nikola_Tesla.jpg
DAPR-2255--Audio_Hardware_I/Images/ac-dc-electricity/ac-dc-electricity-outlet-and-battery-02.jpg	DAPR-2255--Audio_Hardware_I/Images/AC-DC_Electricity/AC-DC_Electricity__Outlet_and_Battery.jpg
DAPR-2255--Audio_Hardware_I/Images/ac-dc-electricity/ac-dc-electricity-peak-p2p-rms-voltage.png	DAPR-2255--Audio_Hardware_I/Images/AC-DC_Electricity/AC-DC_Electricity__Peak_P2p_RMS_Voltage.png
DAPR-2255--Audio_Hardware_I/Images/ac-dc-electricity/ac-dc-electricity-polarity-phase-delay.png	DAPR-2255--Audio_Hardware_I/Images/AC-DC_Electricity/AC-DC_Electricity__Polarity_Phase_Delay.png
DAPR-2255--Audio_Hardware_I/Images/ac-dc-electricity/ac-dc-electricity-power-sources-audio.png	DAPR-2255--Audio_Hardware_I/Images/AC-DC_Electricity/AC-DC_Electricity__Power_Sources_Audio.png
DAPR-2255--Audio_Hardware_I/Images/ac-dc-electricity/ac-dc-electricity-sine-wave-parts.png	DAPR-2255--Audio_Hardware_I/Images/AC-DC_Electricity/AC-DC_Electricity__Sine_Wave_Parts.png
DAPR-2255--Audio_Hardware_I/Images/ac-dc-electricity/ac-dc-electricity-thomas-edison.jpg	DAPR-2255--Audio_Hardware_I/Images/AC-DC_Electricity/AC-DC_Electricity__Thomas_Edison.jpg
DAPR-2255--Audio_Hardware_I/Images/ac-dc-electricity/ac-dc-electricity-why-this-matters.png	DAPR-2255--Audio_Hardware_I/Images/AC-DC_Electricity/AC-DC_Electricity__Why_This_Matters.png
DAPR-2255--Audio_Hardware_I/Images/batteries/batteries-assignment-bench-01.jpg	DAPR-2255--Audio_Hardware_I/Images/Batteries/Batteries__Assignment_Bench.jpg
DAPR-2255--Audio_Hardware_I/Images/batteries/batteries-car-battery.jpg	DAPR-2255--Audio_Hardware_I/Images/Batteries/Batteries__Car_Battery.jpg
DAPR-2255--Audio_Hardware_I/Images/batteries/batteries-chemistries-audio.png	DAPR-2255--Audio_Hardware_I/Images/Batteries/Batteries__Chemistries_Audio.png
DAPR-2255--Audio_Hardware_I/Images/batteries/batteries-coin-cell.jpg	DAPR-2255--Audio_Hardware_I/Images/Batteries/Batteries__Coin_Cell.jpg
DAPR-2255--Audio_Hardware_I/Images/batteries/batteries-disposal-recycling-guide.png	DAPR-2255--Audio_Hardware_I/Images/Batteries/Batteries__Disposal_Recycling_Guide.png
DAPR-2255--Audio_Hardware_I/Images/batteries/batteries-galvanic-cell.jpg	DAPR-2255--Audio_Hardware_I/Images/Batteries/Batteries__Galvanic_Cell.jpg
DAPR-2255--Audio_Hardware_I/Images/batteries/batteries-history-timeline.png	DAPR-2255--Audio_Hardware_I/Images/Batteries/Batteries__History_Timeline.png
DAPR-2255--Audio_Hardware_I/Images/batteries/batteries-lithium-ion.jpg	DAPR-2255--Audio_Hardware_I/Images/Batteries/Batteries__Lithium_Ion.jpg
DAPR-2255--Audio_Hardware_I/Images/batteries/batteries-primary-cell-diagram.jpg	DAPR-2255--Audio_Hardware_I/Images/Batteries/Batteries__Primary_Cell_Diagram.jpg
DAPR-2255--Audio_Hardware_I/Images/batteries/batteries-runtime-estimation.png	DAPR-2255--Audio_Hardware_I/Images/Batteries/Batteries__Runtime_Estimation.png
DAPR-2255--Audio_Hardware_I/Images/batteries/batteries-studio-backup-power-reference.png	DAPR-2255--Audio_Hardware_I/Images/Batteries/Batteries__Studio_Backup_Power_Reference.png
DAPR-2255--Audio_Hardware_I/Images/batteries/batteries-symbol.png	DAPR-2255--Audio_Hardware_I/Images/Batteries/Batteries__Symbol.png
DAPR-2255--Audio_Hardware_I/Images/batteries/batteries-types-assorted.jpg	DAPR-2255--Audio_Hardware_I/Images/Batteries/Batteries__Types_Assorted.jpg
DAPR-2255--Audio_Hardware_I/Images/batteries/batteries-volta-portrait.jpg	DAPR-2255--Audio_Hardware_I/Images/Batteries/Batteries__Volta_Portrait.jpg
DAPR-2255--Audio_Hardware_I/Images/batteries/batteries-voltaic-pile.jpg	DAPR-2255--Audio_Hardware_I/Images/Batteries/Batteries__Voltaic_Pile.jpg
DAPR-2255--Audio_Hardware_I/Images/batteries/batteries-zinc-carbon-diagram.jpg	DAPR-2255--Audio_Hardware_I/Images/Batteries/Batteries__Zinc_Carbon_Diagram.jpg
DAPR-2255--Audio_Hardware_I/Images/capacitors/capacitors-assignment-bench-01.jpg	DAPR-2255--Audio_Hardware_I/Images/Capacitors/Capacitors__Assignment_Bench.jpg
DAPR-2255--Audio_Hardware_I/Images/capacitors/capacitors-axial.jpg	DAPR-2255--Audio_Hardware_I/Images/Capacitors/Capacitors__Axial.jpg
DAPR-2255--Audio_Hardware_I/Images/capacitors/capacitors-ceramic-3-digit-code.png	DAPR-2255--Audio_Hardware_I/Images/Capacitors/Capacitors__Ceramic_3_Digit_Code.png
DAPR-2255--Audio_Hardware_I/Images/capacitors/capacitors-ceramic.jpg	DAPR-2255--Audio_Hardware_I/Images/Capacitors/Capacitors__Ceramic.jpg
DAPR-2255--Audio_Hardware_I/Images/capacitors/capacitors-charging-graph.jpg	DAPR-2255--Audio_Hardware_I/Images/Capacitors/Capacitors__Charging_Graph.jpg
DAPR-2255--Audio_Hardware_I/Images/capacitors/capacitors-electrolytic-aluminum.png	DAPR-2255--Audio_Hardware_I/Images/Capacitors/Capacitors__Electrolytic_Aluminum.png
DAPR-2255--Audio_Hardware_I/Images/capacitors/capacitors-film-cap.jpg	DAPR-2255--Audio_Hardware_I/Images/Capacitors/Capacitors__Film_Cap.jpg
DAPR-2255--Audio_Hardware_I/Images/capacitors/capacitors-history-timeline.png	DAPR-2255--Audio_Hardware_I/Images/Capacitors/Capacitors__History_Timeline.png
DAPR-2255--Audio_Hardware_I/Images/capacitors/capacitors-leyden-jar.png	DAPR-2255--Audio_Hardware_I/Images/Capacitors/Capacitors__Leyden_Jar.png
DAPR-2255--Audio_Hardware_I/Images/capacitors/capacitors-pass-ac-frequency-dependent.png	DAPR-2255--Audio_Hardware_I/Images/Capacitors/Capacitors__Pass_AC_Frequency_Dependent.png
DAPR-2255--Audio_Hardware_I/Images/capacitors/capacitors-rc-filter.jpg	DAPR-2255--Audio_Hardware_I/Images/Capacitors/Capacitors__Rc_Filter.jpg
DAPR-2255--Audio_Hardware_I/Images/capacitors/capacitors-supercap.jpg	DAPR-2255--Audio_Hardware_I/Images/Capacitors/Capacitors__Supercap.jpg
DAPR-2255--Audio_Hardware_I/Images/capacitors/capacitors-symbol.jpg	DAPR-2255--Audio_Hardware_I/Images/Capacitors/Capacitors__Symbol.jpg
DAPR-2255--Audio_Hardware_I/Images/capacitors/capacitors-types-in-audio-circuits.png	DAPR-2255--Audio_Hardware_I/Images/Capacitors/Capacitors__Types_in_Audio_Circuits.png
DAPR-2255--Audio_Hardware_I/Images/capacitors/capacitors-various-types.jpg	DAPR-2255--Audio_Hardware_I/Images/Capacitors/Capacitors__Various_Types.jpg
DAPR-2255--Audio_Hardware_I/Images/diodes-leds/diodes-leds-1n4001-diode.jpg	DAPR-2255--Audio_Hardware_I/Images/Diodes_and_LEDs/Diodes_and_LEDs__1n4001_Diode.jpg
DAPR-2255--Audio_Hardware_I/Images/diodes-leds/diodes-leds-assignment-bench-01.jpg	DAPR-2255--Audio_Hardware_I/Images/Diodes_and_LEDs/Diodes_and_LEDs__Assignment_Bench.jpg
DAPR-2255--Audio_Hardware_I/Images/diodes-leds/diodes-leds-braun-portrait.jpg	DAPR-2255--Audio_Hardware_I/Images/Diodes_and_LEDs/Diodes_and_LEDs__Braun_Portrait.jpg
DAPR-2255--Audio_Hardware_I/Images/diodes-leds/diodes-leds-bridge-rectifier.jpg	DAPR-2255--Audio_Hardware_I/Images/Diodes_and_LEDs/Diodes_and_LEDs__Bridge_Rectifier.jpg
DAPR-2255--Audio_Hardware_I/Images/diodes-leds/diodes-leds-cathode-band-and-symbol.png	DAPR-2255--Audio_Hardware_I/Images/Diodes_and_LEDs/Diodes_and_LEDs__Cathode_Band_and_Symbol.png
DAPR-2255--Audio_Hardware_I/Images/diodes-leds/diodes-leds-colors.png	DAPR-2255--Audio_Hardware_I/Images/Diodes_and_LEDs/Diodes_and_LEDs__Colors.png
DAPR-2255--Audio_Hardware_I/Images/diodes-leds/diodes-leds-diode-symbol.jpg	DAPR-2255--Audio_Hardware_I/Images/Diodes_and_LEDs/Diodes_and_LEDs__Diode_Symbol.jpg
DAPR-2255--Audio_Hardware_I/Images/diodes-leds/diodes-leds-led-circuit-01.png	DAPR-2255--Audio_Hardware_I/Images/Diodes_and_LEDs/Diodes_and_LEDs__LED_Circuit.png
DAPR-2255--Audio_Hardware_I/Images/diodes-leds/diodes-leds-photodiode-symbol.jpg	DAPR-2255--Audio_Hardware_I/Images/Diodes_and_LEDs/Diodes_and_LEDs__Photodiode_Symbol.jpg
DAPR-2255--Audio_Hardware_I/Images/diodes-leds/diodes-leds-protection-circuits-diagram.png	DAPR-2255--Audio_Hardware_I/Images/Diodes_and_LEDs/Diodes_and_LEDs__Protection_Circuits_Diagram.png
DAPR-2255--Audio_Hardware_I/Images/diodes-leds/diodes-leds-rgb-led.jpg	DAPR-2255--Audio_Hardware_I/Images/Diodes_and_LEDs/Diodes_and_LEDs__Rgb_LED.jpg
DAPR-2255--Audio_Hardware_I/Images/diodes-leds/diodes-leds-schottky-symbol.jpg	DAPR-2255--Audio_Hardware_I/Images/Diodes_and_LEDs/Diodes_and_LEDs__Schottky_Symbol.jpg
DAPR-2255--Audio_Hardware_I/Images/diodes-leds/diodes-leds-zener-photo.jpg	DAPR-2255--Audio_Hardware_I/Images/Diodes_and_LEDs/Diodes_and_LEDs__Zener_Photo.jpg
DAPR-2255--Audio_Hardware_I/Images/diodes-leds/diodes-leds-zener-symbol.jpg	DAPR-2255--Audio_Hardware_I/Images/Diodes_and_LEDs/Diodes_and_LEDs__Zener_Symbol.jpg
DAPR-2255--Audio_Hardware_I/Images/inductors-transformers/inductors-transformers-air-coil.jpg	DAPR-2255--Audio_Hardware_I/Images/Inductors_and_Transformers/Inductors_and_Transformers__Air_Coil.jpg
DAPR-2255--Audio_Hardware_I/Images/inductors-transformers/inductors-transformers-assignment-bench-01.jpg	DAPR-2255--Audio_Hardware_I/Images/Inductors_and_Transformers/Inductors_and_Transformers__Assignment_Bench.jpg
DAPR-2255--Audio_Hardware_I/Images/inductors-transformers/inductors-transformers-assorted-inductors.png	DAPR-2255--Audio_Hardware_I/Images/Inductors_and_Transformers/Inductors_and_Transformers__Assorted_Inductors.png
DAPR-2255--Audio_Hardware_I/Images/inductors-transformers/inductors-transformers-audio-voltage-current-impedance.png	DAPR-2255--Audio_Hardware_I/Images/Inductors_and_Transformers/Inductors_and_Transformers__Audio_Voltage_Current_Impedance.png
DAPR-2255--Audio_Hardware_I/Images/inductors-transformers/inductors-transformers-chip-inductor-internal-structure.jpg	DAPR-2255--Audio_Hardware_I/Images/Inductors_and_Transformers/Inductors_and_Transformers__Chip_Inductor_Internal_Structure.jpg
DAPR-2255--Audio_Hardware_I/Images/inductors-transformers/inductors-transformers-choke.jpg	DAPR-2255--Audio_Hardware_I/Images/Inductors_and_Transformers/Inductors_and_Transformers__Choke.jpg
DAPR-2255--Audio_Hardware_I/Images/inductors-transformers/inductors-transformers-faraday-portrait.jpg	DAPR-2255--Audio_Hardware_I/Images/Inductors_and_Transformers/Inductors_and_Transformers__Faraday_Portrait.jpg
DAPR-2255--Audio_Hardware_I/Images/inductors-transformers/inductors-transformers-ferrite-bead-cable.jpg	DAPR-2255--Audio_Hardware_I/Images/Inductors_and_Transformers/Inductors_and_Transformers__Ferrite_Bead_Cable.jpg
DAPR-2255--Audio_Hardware_I/Images/inductors-transformers/inductors-transformers-ferrite-bead.jpg	DAPR-2255--Audio_Hardware_I/Images/Inductors_and_Transformers/Inductors_and_Transformers__Ferrite_Bead.jpg
DAPR-2255--Audio_Hardware_I/Images/inductors-transformers/inductors-transformers-pcb-transformer.jpg	DAPR-2255--Audio_Hardware_I/Images/Inductors_and_Transformers/Inductors_and_Transformers__Pcb_Transformer.jpg
DAPR-2255--Audio_Hardware_I/Images/inductors-transformers/inductors-transformers-power-xfmr.jpg	DAPR-2255--Audio_Hardware_I/Images/Inductors_and_Transformers/Inductors_and_Transformers__Power_Xfmr.jpg
DAPR-2255--Audio_Hardware_I/Images/inductors-transformers/inductors-transformers-symbol.jpg	DAPR-2255--Audio_Hardware_I/Images/Inductors_and_Transformers/Inductors_and_Transformers__Symbol.jpg
DAPR-2255--Audio_Hardware_I/Images/inductors-transformers/inductors-transformers-toroidal-xfmr.jpg	DAPR-2255--Audio_Hardware_I/Images/Inductors_and_Transformers/Inductors_and_Transformers__Toroidal_Xfmr.jpg
DAPR-2255--Audio_Hardware_I/Images/inductors-transformers/inductors-transformers-toroidal.jpg	DAPR-2255--Audio_Hardware_I/Images/Inductors_and_Transformers/Inductors_and_Transformers__Toroidal.jpg
DAPR-2255--Audio_Hardware_I/Images/midi/midi-1-vs-2-resolution-01.png	DAPR-2255--Audio_Hardware_I/Images/MIDI/MIDI__1_vs_2_Resolution.png
DAPR-2255--Audio_Hardware_I/Images/midi/midi-audio-midi-setup-midi-studio.png	DAPR-2255--Audio_Hardware_I/Images/MIDI/MIDI__Audio_MIDI_Setup_MIDI_Studio.png
DAPR-2255--Audio_Hardware_I/Images/midi/midi-cc-to-dmx-scaling-01.png	DAPR-2255--Audio_Hardware_I/Images/MIDI/MIDI__Cc_to_DMX_Scaling.png
DAPR-2255--Audio_Hardware_I/Images/midi/midi-clock-vs-mtc-02.png	DAPR-2255--Audio_Hardware_I/Images/MIDI/MIDI__Clock_vs_MTC.png
DAPR-2255--Audio_Hardware_I/Images/midi/midi-device-gm-mmc-properties-01.png	DAPR-2255--Audio_Hardware_I/Images/MIDI/MIDI__Device_GM_Mmc_Properties.png
DAPR-2255--Audio_Hardware_I/Images/midi/midi-din-5-pin-female-jack.png	DAPR-2255--Audio_Hardware_I/Images/MIDI/MIDI__Din_5_Pin_Female_Jack.png
DAPR-2255--Audio_Hardware_I/Images/midi/midi-din-5-pin-male-plug.png	DAPR-2255--Audio_Hardware_I/Images/MIDI/MIDI__Din_5_Pin_Male_Plug.png
DAPR-2255--Audio_Hardware_I/Images/midi/midi-din-cable-seated-in-jack-01.jpg	DAPR-2255--Audio_Hardware_I/Images/MIDI/MIDI__Din_Cable_Seated_in_Jack.jpg
DAPR-2255--Audio_Hardware_I/Images/midi/midi-din-connector-face-01.jpg	DAPR-2255--Audio_Hardware_I/Images/MIDI/MIDI__Din_Connector_Face.jpg
DAPR-2255--Audio_Hardware_I/Images/midi/midi-dmx-fixture-02.jpg	DAPR-2255--Audio_Hardware_I/Images/MIDI/MIDI__PAR_Fixture_Showing_DIP_Switch_Bank.jpg
DAPR-2255--Audio_Hardware_I/Images/midi/midi-dmx-fixture-03.jpg	DAPR-2255--Audio_Hardware_I/Images/MIDI/MIDI__PAR_Fixture_on_Double_Yoke_Bracket.jpg
DAPR-2255--Audio_Hardware_I/Images/midi/midi-gm-channel-10-01.png	DAPR-2255--Audio_Hardware_I/Images/MIDI/MIDI__GM_Channel_10.png
DAPR-2255--Audio_Hardware_I/Images/midi/midi-interface-rear-panel-01.jpg	DAPR-2255--Audio_Hardware_I/Images/MIDI/MIDI__Interface_Rear_Panel.jpg
DAPR-2255--Audio_Hardware_I/Images/midi/midi-jitter-buffer-tradeoff-02.png	DAPR-2255--Audio_Hardware_I/Images/MIDI/MIDI__Jitter_Buffer_Tradeoff.png
DAPR-2255--Audio_Hardware_I/Images/midi/midi-keyboard-controller-01.jpg	DAPR-2255--Audio_Hardware_I/Images/MIDI/MIDI__Keyboard_Controller.jpg
DAPR-2255--Audio_Hardware_I/Images/midi/midi-local-control-double-trigger-01.png	DAPR-2255--Audio_Hardware_I/Images/MIDI/MIDI__Local_Control_Double_Trigger.png
DAPR-2255--Audio_Hardware_I/Images/midi/midi-managed-switch-01.jpg	DAPR-2255--Audio_Hardware_I/Images/MIDI/MIDI__Managed_Switch.jpg
DAPR-2255--Audio_Hardware_I/Images/midi/midi-monitor-window-01.png	DAPR-2255--Audio_Hardware_I/Images/MIDI/MIDI__Monitor_Window.png
DAPR-2255--Audio_Hardware_I/Images/midi/midi-msc-device-id-01.png	DAPR-2255--Audio_Hardware_I/Images/MIDI/MIDI__Msc_Device_Id.png
DAPR-2255--Audio_Hardware_I/Images/midi/midi-network-midi-preferences-01.png	DAPR-2255--Audio_Hardware_I/Images/MIDI/MIDI__Network_MIDI_Preferences.png
DAPR-2255--Audio_Hardware_I/Images/midi/midi-note-on-note-off-timeline-01.png	DAPR-2255--Audio_Hardware_I/Images/MIDI/MIDI__Note_on_Note_Off_Timeline.png
DAPR-2255--Audio_Hardware_I/Images/midi/midi-osc-din-beside-ethernet-01.jpg	DAPR-2255--Audio_Hardware_I/Images/MIDI/MIDI__Osc_Din_Beside_Ethernet.jpg
DAPR-2255--Audio_Hardware_I/Images/midi/midi-qlab-cue-list-01.png	DAPR-2255--Audio_Hardware_I/Images/MIDI/MIDI__Qlab_Cue_List.png
DAPR-2255--Audio_Hardware_I/Images/midi/midi-rack-sound-module-01.jpg	DAPR-2255--Audio_Hardware_I/Images/MIDI/MIDI__Rack_Sound_Module.jpg
DAPR-2255--Audio_Hardware_I/Images/midi/midi-rtp-two-interfaces-one-cable-01.jpg	DAPR-2255--Audio_Hardware_I/Images/MIDI/MIDI__Rtp_Two_Interfaces_One_Cable.jpg
DAPR-2255--Audio_Hardware_I/Images/midi/midi-same-file-two-synths-02.png	DAPR-2255--Audio_Hardware_I/Images/MIDI/MIDI__Same_File_Two_Synths.png
DAPR-2255--Audio_Hardware_I/Images/midi/midi-serial-vs-network-transport-01.png	DAPR-2255--Audio_Hardware_I/Images/MIDI/MIDI__Serial_vs_Network_Transport.png
DAPR-2255--Audio_Hardware_I/Images/midi/midi-test-kit-layout-01.jpg	DAPR-2255--Audio_Hardware_I/Images/MIDI/MIDI__Test_Kit_Layout.jpg
DAPR-2255--Audio_Hardware_I/Images/midi/midi-thru-box-01.jpg	DAPR-2255--Audio_Hardware_I/Images/MIDI/MIDI__Thru_Box.jpg
DAPR-2255--Audio_Hardware_I/Images/midi/midi-thru-chain-vs-thru-box-01.png	DAPR-2255--Audio_Hardware_I/Images/MIDI/MIDI__Thru_Chain_vs_Thru_Box.png
DAPR-2255--Audio_Hardware_I/Images/midi/midi-troubleshooting-cable-pulled-01.jpg	DAPR-2255--Audio_Hardware_I/Images/MIDI/MIDI__Troubleshooting_Cable_Pulled.jpg
DAPR-2255--Audio_Hardware_I/Images/midi/midi-trs-type-a-vs-type-b-01.jpg	DAPR-2255--Audio_Hardware_I/Images/MIDI/MIDI__Trs_Type_a_vs_Type_B.jpg
DAPR-2255--Audio_Hardware_I/Images/midi/midi-usb-b-cable-end-01.jpg	DAPR-2255--Audio_Hardware_I/Images/MIDI/MIDI__USB_B_Cable_End.jpg
DAPR-2255--Audio_Hardware_I/Images/midi/midi-usb-c-instrument-rear-01.jpg	DAPR-2255--Audio_Hardware_I/Images/MIDI/MIDI__USB_C_Instrument_Rear.jpg
DAPR-2255--Audio_Hardware_I/Images/midi/midi-what-midi-carries-02.png	DAPR-2255--Audio_Hardware_I/Images/MIDI/MIDI__What_MIDI_Carries.png
DAPR-2255--Audio_Hardware_I/Images/multimeters/multimeters-analog-meter.jpg	DAPR-2255--Audio_Hardware_I/Images/Multimeters/Multimeters__Analog_Meter.jpg
DAPR-2255--Audio_Hardware_I/Images/multimeters/multimeters-assignment-bench-01.jpg	DAPR-2255--Audio_Hardware_I/Images/Multimeters/Multimeters__Assignment_Bench.jpg
DAPR-2255--Audio_Hardware_I/Images/multimeters/multimeters-clamp-meter.jpg	DAPR-2255--Audio_Hardware_I/Images/Multimeters/Multimeters__Clamp_Meter.jpg
DAPR-2255--Audio_Hardware_I/Images/multimeters/multimeters-digital-meter.jpg	DAPR-2255--Audio_Hardware_I/Images/Multimeters/Multimeters__Digital_Meter.jpg
DAPR-2255--Audio_Hardware_I/Images/multimeters/multimeters-jack-selection-01.jpg	DAPR-2255--Audio_Hardware_I/Images/Multimeters/Multimeters__Jack_Selection.jpg
DAPR-2255--Audio_Hardware_I/Images/multimeters/multimeters-oersted-portrait.jpg	DAPR-2255--Audio_Hardware_I/Images/Multimeters/Multimeters__Oersted_Portrait.jpg
DAPR-2255--Audio_Hardware_I/Images/multimeters/multimeters-oscilloscope.jpg	DAPR-2255--Audio_Hardware_I/Images/Multimeters/Multimeters__Oscilloscope.jpg
DAPR-2255--Audio_Hardware_I/Images/multimeters/multimeters-overview-hero.png	DAPR-2255--Audio_Hardware_I/Images/Multimeters/Multimeters__Overview_Hero.png
DAPR-2255--Audio_Hardware_I/Images/multimeters/multimeters-test-leads.jpg	DAPR-2255--Audio_Hardware_I/Images/Multimeters/Multimeters__Test_Leads.jpg
DAPR-2255--Audio_Hardware_I/Images/multimeters/multimeters-wheatstone-bridge.jpg	DAPR-2255--Audio_Hardware_I/Images/Multimeters/Multimeters__Wheatstone_Bridge.jpg
DAPR-2255--Audio_Hardware_I/Images/ohms-law/ohms-law-assignment-bench-01.jpg	DAPR-2255--Audio_Hardware_I/Images/Ohms_Law/Ohms_Law__Assignment_Bench.jpg
DAPR-2255--Audio_Hardware_I/Images/ohms-law/ohms-law-circuit-diagram.png	DAPR-2255--Audio_Hardware_I/Images/Ohms_Law/Ohms_Law__Circuit_Diagram.png
DAPR-2255--Audio_Hardware_I/Images/ohms-law/ohms-law-georg-ohm-portrait.jpg	DAPR-2255--Audio_Hardware_I/Images/Ohms_Law/Ohms_Law__Georg_Ohm_Portrait.jpg
DAPR-2255--Audio_Hardware_I/Images/ohms-law/ohms-law-overview-hero.png	DAPR-2255--Audio_Hardware_I/Images/Ohms_Law/Ohms_Law__Overview_Hero.png
DAPR-2255--Audio_Hardware_I/Images/ohms-law/ohms-law-potentiometer.jpg	DAPR-2255--Audio_Hardware_I/Images/Ohms_Law/Ohms_Law__Potentiometer.jpg
DAPR-2255--Audio_Hardware_I/Images/ohms-law/ohms-law-voltage-divider.jpg	DAPR-2255--Audio_Hardware_I/Images/Ohms_Law/Ohms_Law__Voltage_Divider.jpg
DAPR-2255--Audio_Hardware_I/Images/ohms-law/ohms-law-wheel-basic.png	DAPR-2255--Audio_Hardware_I/Images/Ohms_Law/Ohms_Law__Wheel_Basic.png
DAPR-2255--Audio_Hardware_I/Images/ohms-law/ohms-law-wheel-colorcoded-numbers.png	DAPR-2255--Audio_Hardware_I/Images/Ohms_Law/Ohms_Law__Wheel_Colorcoded_Numbers.png
DAPR-2255--Audio_Hardware_I/Images/ohms-law/ohms-law-wheel-colorcoded.png	DAPR-2255--Audio_Hardware_I/Images/Ohms_Law/Ohms_Law__Wheel_Colorcoded.png
DAPR-2255--Audio_Hardware_I/Images/power/power-amplifier-specs-infographic.png	DAPR-2255--Audio_Hardware_I/Images/Power/Power__Amplifier_Specs_Infographic.png
DAPR-2255--Audio_Hardware_I/Images/power/power-assignment-bench-01.jpg	DAPR-2255--Audio_Hardware_I/Images/Power/Power__Assignment_Bench.jpg
DAPR-2255--Audio_Hardware_I/Images/power/power-doubling-is-3db-01.png	DAPR-2255--Audio_Hardware_I/Images/Power/Power__Doubling_is_3dB.png
DAPR-2255--Audio_Hardware_I/Images/power/power-heatsink-amplifier-chassis-01.jpg	DAPR-2255--Audio_Hardware_I/Images/Power/Power__Heatsink_Amplifier_Chassis.jpg
DAPR-2255--Audio_Hardware_I/Images/power/power-heatsink-cpu-cooler-01.jpg	DAPR-2255--Audio_Hardware_I/Images/Power/Power__Heatsink_Cpu_Cooler.jpg
DAPR-2255--Audio_Hardware_I/Images/power/power-heatsink-to220-pair.jpg	DAPR-2255--Audio_Hardware_I/Images/Power/Power__Heatsink_To220_Pair.jpg
DAPR-2255--Audio_Hardware_I/Images/power/power-heatsink-why-fins-work-02.png	DAPR-2255--Audio_Hardware_I/Images/Power/Power__Heatsink_Why_Fins_Work.png
DAPR-2255--Audio_Hardware_I/Images/power/power-heatsink.jpg	DAPR-2255--Audio_Hardware_I/Images/Power/Power__Heatsink.jpg
DAPR-2255--Audio_Hardware_I/Images/power/power-james-watt-portrait.jpg	DAPR-2255--Audio_Hardware_I/Images/Power/Power__James_Watt_Portrait.jpg
DAPR-2255--Audio_Hardware_I/Images/power/power-joule-portrait.jpg	DAPR-2255--Audio_Hardware_I/Images/Power/Power__Joule_Portrait.jpg
DAPR-2255--Audio_Hardware_I/Images/power/power-watt-steam-engine.jpg	DAPR-2255--Audio_Hardware_I/Images/Power/Power__Watt_Steam_Engine.jpg
DAPR-2255--Audio_Hardware_I/Images/power/power-wattmeter.jpg	DAPR-2255--Audio_Hardware_I/Images/Power/Power__Wattmeter.jpg
DAPR-2255--Audio_Hardware_I/Images/resistors/resistors-assignment-bench-01.jpg	DAPR-2255--Audio_Hardware_I/Images/Resistors/Resistors__Assignment_Bench.jpg
DAPR-2255--Audio_Hardware_I/Images/resistors/resistors-assorted-types.jpg	DAPR-2255--Audio_Hardware_I/Images/Resistors/Resistors__Assorted_Types.jpg
DAPR-2255--Audio_Hardware_I/Images/resistors/resistors-audio-applications-infographic.png	DAPR-2255--Audio_Hardware_I/Images/Resistors/Resistors__Audio_Applications_Infographic.png
DAPR-2255--Audio_Hardware_I/Images/resistors/resistors-color-code-png.png	DAPR-2255--Audio_Hardware_I/Images/Resistors/Resistors__Color_Code_Png.png
DAPR-2255--Audio_Hardware_I/Images/resistors/resistors-four-band-worked.png	DAPR-2255--Audio_Hardware_I/Images/Resistors/Resistors__Four_Band_Worked.png
DAPR-2255--Audio_Hardware_I/Images/resistors/resistors-in-circuit-parallel-path-01.jpg	DAPR-2255--Audio_Hardware_I/Images/Resistors/Resistors__In_Circuit_Parallel_Path.jpg
DAPR-2255--Audio_Hardware_I/Images/resistors/resistors-ldr.jpg	DAPR-2255--Audio_Hardware_I/Images/Resistors/Resistors__Ldr.jpg
DAPR-2255--Audio_Hardware_I/Images/resistors/resistors-pcb-resistor.jpg	DAPR-2255--Audio_Hardware_I/Images/Resistors/Resistors__Pcb_Resistor.jpg
DAPR-2255--Audio_Hardware_I/Images/resistors/resistors-potentiometer-symbol.jpg	DAPR-2255--Audio_Hardware_I/Images/Resistors/Resistors__Potentiometer_Symbol.jpg
DAPR-2255--Audio_Hardware_I/Images/resistors/resistors-power-ratings.jpg	DAPR-2255--Audio_Hardware_I/Images/Resistors/Resistors__Power_Ratings.jpg
DAPR-2255--Audio_Hardware_I/Images/resistors/resistors-smd-resistors.jpg	DAPR-2255--Audio_Hardware_I/Images/Resistors/Resistors__Smd_Resistors.jpg
DAPR-2255--Audio_Hardware_I/Images/resistors/resistors-symbol-ansi.jpg	DAPR-2255--Audio_Hardware_I/Images/Resistors/Resistors__Symbol_Ansi.jpg
DAPR-2255--Audio_Hardware_I/Images/resistors/resistors-symbol-iec.jpg	DAPR-2255--Audio_Hardware_I/Images/Resistors/Resistors__Symbol_Iec.jpg
DAPR-2255--Audio_Hardware_I/Images/schematics/schematics-assignment-bench-01.jpg	DAPR-2255--Audio_Hardware_I/Images/Schematics/Schematics__Assignment_Bench.jpg
DAPR-2255--Audio_Hardware_I/Images/schematics/schematics-breadboard-circuit.jpg	DAPR-2255--Audio_Hardware_I/Images/Schematics/Schematics__Breadboard_Circuit.jpg
DAPR-2255--Audio_Hardware_I/Images/schematics/schematics-circuit-board-detail.jpg	DAPR-2255--Audio_Hardware_I/Images/Schematics/Schematics__Circuit_Board_Detail.jpg
DAPR-2255--Audio_Hardware_I/Images/schematics/schematics-connector-jack-symbol-01.png	DAPR-2255--Audio_Hardware_I/Images/Schematics/Schematics__Connector_Jack_Symbol.png
DAPR-2255--Audio_Hardware_I/Images/schematics/schematics-fuse-symbol-01.png	DAPR-2255--Audio_Hardware_I/Images/Schematics/Schematics__Fuse_Symbol.png
DAPR-2255--Audio_Hardware_I/Images/schematics/schematics-ground-symbols.jpg	DAPR-2255--Audio_Hardware_I/Images/Schematics/Schematics__Ground_Symbols.jpg
DAPR-2255--Audio_Hardware_I/Images/schematics/schematics-loudspeaker-symbol-01.png	DAPR-2255--Audio_Hardware_I/Images/Schematics/Schematics__Loudspeaker_Symbol.png
DAPR-2255--Audio_Hardware_I/Images/schematics/schematics-microphone-symbol-01.png	DAPR-2255--Audio_Hardware_I/Images/Schematics/Schematics__Microphone_Symbol.png
DAPR-2255--Audio_Hardware_I/Images/schematics/schematics-opamp-symbol.jpg	DAPR-2255--Audio_Hardware_I/Images/Schematics/Schematics__Opamp_Symbol.jpg
DAPR-2255--Audio_Hardware_I/Images/schematics/schematics-pcb-photo.jpg	DAPR-2255--Audio_Hardware_I/Images/Schematics/Schematics__Pcb_Photo.jpg
DAPR-2255--Audio_Hardware_I/Images/schematics/schematics-reference-designators.png	DAPR-2255--Audio_Hardware_I/Images/Schematics/Schematics__Reference_Designators.png
DAPR-2255--Audio_Hardware_I/Images/schematics/schematics-voltage-source.jpg	DAPR-2255--Audio_Hardware_I/Images/Schematics/Schematics__Voltage_Source.jpg
DAPR-2255--Audio_Hardware_I/Images/schematics/schematics-wire-junction.png	DAPR-2255--Audio_Hardware_I/Images/Schematics/Schematics__Wire_Junction.png
DAPR-2255--Audio_Hardware_I/Images/series-parallel/series-parallel-assignment-bench-01.jpg	DAPR-2255--Audio_Hardware_I/Images/Series-Parallel/Series-Parallel__Assignment_Bench.jpg
DAPR-2255--Audio_Hardware_I/Images/series-parallel/series-parallel-circuit-schematic.png	DAPR-2255--Audio_Hardware_I/Images/Series-Parallel/Series-Parallel__Circuit_Schematic.png
DAPR-2255--Audio_Hardware_I/Images/series-parallel/series-parallel-kcl.png	DAPR-2255--Audio_Hardware_I/Images/Series-Parallel/Series-Parallel__Kcl.png
DAPR-2255--Audio_Hardware_I/Images/series-parallel/series-parallel-kirchhoff-portrait.jpg	DAPR-2255--Audio_Hardware_I/Images/Series-Parallel/Series-Parallel__Kirchhoff_Portrait.jpg
DAPR-2255--Audio_Hardware_I/Images/series-parallel/series-parallel-kirchhoffs-laws.png	DAPR-2255--Audio_Hardware_I/Images/Series-Parallel/Series-Parallel__Kirchhoffs_Laws.png
DAPR-2255--Audio_Hardware_I/Images/series-parallel/series-parallel-kvl.png	DAPR-2255--Audio_Hardware_I/Images/Series-Parallel/Series-Parallel__Kvl.png
DAPR-2255--Audio_Hardware_I/Images/series-parallel/series-parallel-loaded-voltage-divider.png	DAPR-2255--Audio_Hardware_I/Images/Series-Parallel/Series-Parallel__Loaded_Voltage_Divider.png
DAPR-2255--Audio_Hardware_I/Images/series-parallel/series-parallel-parallel-formula.png	DAPR-2255--Audio_Hardware_I/Images/Series-Parallel/Series-Parallel__Parallel_Formula.png
DAPR-2255--Audio_Hardware_I/Images/series-parallel/series-parallel-parallel-resistor-example.png	DAPR-2255--Audio_Hardware_I/Images/Series-Parallel/Series-Parallel__Parallel_Resistor_Example.png
DAPR-2255--Audio_Hardware_I/Images/series-parallel/series-parallel-parallel.png	DAPR-2255--Audio_Hardware_I/Images/Series-Parallel/Series-Parallel__Parallel.png
DAPR-2255--Audio_Hardware_I/Images/series-parallel/series-parallel-series-example.png	DAPR-2255--Audio_Hardware_I/Images/Series-Parallel/Series-Parallel__Series_Example.png
DAPR-2255--Audio_Hardware_I/Images/series-parallel/series-parallel-series-voltage-drops.png	DAPR-2255--Audio_Hardware_I/Images/Series-Parallel/Series-Parallel__Series_Voltage_Drops.png
DAPR-2255--Audio_Hardware_I/Images/series-parallel/series-parallel-voltage-divider-infographic.png	DAPR-2255--Audio_Hardware_I/Images/Series-Parallel/Series-Parallel__Voltage_Divider_Infographic.png
DAPR-2255--Audio_Hardware_I/Images/switches/switches-3pdt-toggle-photo.jpg	DAPR-2255--Audio_Hardware_I/Images/Switches/Switches__3pdt_Toggle_Photo.jpg
DAPR-2255--Audio_Hardware_I/Images/switches/switches-assignment-bench-01.jpg	DAPR-2255--Audio_Hardware_I/Images/Switches/Switches__Assignment_Bench.jpg
DAPR-2255--Audio_Hardware_I/Images/switches/switches-dip-switch.jpg	DAPR-2255--Audio_Hardware_I/Images/Switches/Switches__Dip_Switch.jpg
DAPR-2255--Audio_Hardware_I/Images/switches/switches-dpdt-symbol.jpg	DAPR-2255--Audio_Hardware_I/Images/Switches/Switches__Dpdt_Symbol.jpg
DAPR-2255--Audio_Hardware_I/Images/switches/switches-dpst-symbol.jpg	DAPR-2255--Audio_Hardware_I/Images/Switches/Switches__Dpst_Symbol.jpg
DAPR-2255--Audio_Hardware_I/Images/switches/switches-evolution-of-switching.png	DAPR-2255--Audio_Hardware_I/Images/Switches/Switches__Evolution_of_Switching.png
DAPR-2255--Audio_Hardware_I/Images/switches/switches-push-button-box.jpg	DAPR-2255--Audio_Hardware_I/Images/Switches/Switches__Push_Button_Box.jpg
DAPR-2255--Audio_Hardware_I/Images/switches/switches-pushbutton-sparkfun.jpg	DAPR-2255--Audio_Hardware_I/Images/Switches/Switches__Pushbutton_Sparkfun.jpg
DAPR-2255--Audio_Hardware_I/Images/switches/switches-relay-schematic-symbols.png	DAPR-2255--Audio_Hardware_I/Images/Switches/Switches__Relay_Schematic_Symbols.png
DAPR-2255--Audio_Hardware_I/Images/switches/switches-rocker-switch.jpg	DAPR-2255--Audio_Hardware_I/Images/Switches/Switches__Rocker_Switch.jpg
DAPR-2255--Audio_Hardware_I/Images/switches/switches-rotary-switch.jpg	DAPR-2255--Audio_Hardware_I/Images/Switches/Switches__Rotary_Switch.jpg
DAPR-2255--Audio_Hardware_I/Images/switches/switches-slide-switch.jpg	DAPR-2255--Audio_Hardware_I/Images/Switches/Switches__Slide_Switch.jpg
DAPR-2255--Audio_Hardware_I/Images/switches/switches-spdt-symbol.jpg	DAPR-2255--Audio_Hardware_I/Images/Switches/Switches__Spdt_Symbol.jpg
DAPR-2255--Audio_Hardware_I/Images/switches/switches-spst-symbol.jpg	DAPR-2255--Audio_Hardware_I/Images/Switches/Switches__Spst_Symbol.jpg
DAPR-2255--Audio_Hardware_I/Images/switches/switches-talkback-box-switches.png	DAPR-2255--Audio_Hardware_I/Images/Switches/Switches__Talkback_Box_Switches.png
DAPR-2255--Audio_Hardware_I/Images/switches/switches-throws-and-poles.png	DAPR-2255--Audio_Hardware_I/Images/Switches/Switches__Throws_and_Poles.png
DAPR-2255--Audio_Hardware_I/Images/switches/switches-toggle-switch-photo.png	DAPR-2255--Audio_Hardware_I/Images/Switches/Switches__Toggle_Switch_Photo.png
DAPR-2255--Audio_Hardware_I/Images/switches/switches-types-in-audio-equipment.png	DAPR-2255--Audio_Hardware_I/Images/Switches/Switches__Types_in_Audio_Equipment.png
DAPR-2255--Audio_Hardware_I/Images/switches/switches-wiring-diagrams.jpg	DAPR-2255--Audio_Hardware_I/Images/Switches/Switches__Wiring_Diagrams.jpg
DAPR-2255--Audio_Hardware_I/Images/syllabus/syllabus-bench-overview-01.jpg	DAPR-2255--Audio_Hardware_I/Images/Syllabus/Syllabus__Bench_Overview.jpg
DAPR-2255--Audio_Hardware_I/Images/transistors/transistors-amplifier-circuit.jpg	DAPR-2255--Audio_Hardware_I/Images/Transistors/Transistors__Amplifier_Circuit.jpg
DAPR-2255--Audio_Hardware_I/Images/transistors/transistors-applications-in-audio.png	DAPR-2255--Audio_Hardware_I/Images/Transistors/Transistors__Applications_in_Audio.png
DAPR-2255--Audio_Hardware_I/Images/transistors/transistors-assignment-bench-01.jpg	DAPR-2255--Audio_Hardware_I/Images/Transistors/Transistors__Assignment_Bench.jpg
DAPR-2255--Audio_Hardware_I/Images/transistors/transistors-assorted-types.png	DAPR-2255--Audio_Hardware_I/Images/Transistors/Transistors__Assorted_Types.png
DAPR-2255--Audio_Hardware_I/Images/transistors/transistors-bell-labs-inventors.jpg	DAPR-2255--Audio_Hardware_I/Images/Transistors/Transistors__Bell_Labs_Inventors.jpg
DAPR-2255--Audio_Hardware_I/Images/transistors/transistors-bjt-vs-fet-audio.png	DAPR-2255--Audio_Hardware_I/Images/Transistors/Transistors__BJT_vs_Fet_Audio.png
DAPR-2255--Audio_Hardware_I/Images/transistors/transistors-fet-symbols.jpg	DAPR-2255--Audio_Hardware_I/Images/Transistors/Transistors__Fet_Symbols.jpg
DAPR-2255--Audio_Hardware_I/Images/transistors/transistors-first-transistor-replica.jpg	DAPR-2255--Audio_Hardware_I/Images/Transistors/Transistors__First_Transistor_Replica.jpg
DAPR-2255--Audio_Hardware_I/Images/transistors/transistors-first-transistor-to-microprocessor.png	DAPR-2255--Audio_Hardware_I/Images/Transistors/Transistors__First_Transistor_to_Microprocessor.png
DAPR-2255--Audio_Hardware_I/Images/transistors/transistors-heatsink.png	DAPR-2255--Audio_Hardware_I/Images/Transistors/Transistors__Heatsink.png
DAPR-2255--Audio_Hardware_I/Images/transistors/transistors-inside-integrated-circuits.png	DAPR-2255--Audio_Hardware_I/Images/Transistors/Transistors__Inside_Integrated_Circuits.png
DAPR-2255--Audio_Hardware_I/Images/transistors/transistors-npn-pnp-symbols.png	DAPR-2255--Audio_Hardware_I/Images/Transistors/Transistors__Npn_Pnp_Symbols.png
DAPR-2255--Audio_Hardware_I/Images/transistors/transistors-three-bjt-amplifier-configs.png	DAPR-2255--Audio_Hardware_I/Images/Transistors/Transistors__Three_BJT_Amplifier_Configs.png
DAPR-2255--Audio_Hardware_I/Images/transistors/transistors-to92-package.png	DAPR-2255--Audio_Hardware_I/Images/Transistors/Transistors__To92_Package.png
DAPR-2255--Audio_Hardware_I/Images/voltage-current/voltage-current-breadboard-circuit-01.jpg	DAPR-2255--Audio_Hardware_I/Images/Voltage-Current/Voltage-Current__Breadboard_Circuit.jpg
DAPR-2255--Audio_Hardware_I/Images/voltage-current/voltage-current-complete-path-01.png	DAPR-2255--Audio_Hardware_I/Images/Voltage-Current/Voltage-Current__Complete_Path.png
DAPR-2255--Audio_Hardware_I/Images/voltage-current/voltage-current-conventional-vs-electron-flow-01.png	DAPR-2255--Audio_Hardware_I/Images/Voltage-Current/Voltage-Current__Conventional_vs_Electron_Flow.png
DAPR-2255--Audio_Hardware_I/Images/voltage-current/voltage-current-orders-of-magnitude-01.png	DAPR-2255--Audio_Hardware_I/Images/Voltage-Current/Voltage-Current__Orders_of_Magnitude.png
DAPR-2255--Audio_Hardware_I/Images/voltage-current/voltage-current-reservoir-analogy-02.png	DAPR-2255--Audio_Hardware_I/Images/Voltage-Current/Voltage-Current__Reservoir_Analogy.png
DAPR-2255--Audio_Hardware_I/Images/wiring-safety/wiring-safety-assignment-bench-01.jpg	DAPR-2255--Audio_Hardware_I/Images/Wiring_Safety/Wiring_Safety__Assignment_Bench.jpg
DAPR-2255--Audio_Hardware_I/Images/wiring-safety/wiring-safety-awg-wire-gauge-chart.png	DAPR-2255--Audio_Hardware_I/Images/Wiring_Safety/Wiring_Safety__AWG_Wire_Gauge_Chart.png
DAPR-2255--Audio_Hardware_I/Images/wiring-safety/wiring-safety-breadboard-photo.jpg	DAPR-2255--Audio_Hardware_I/Images/Wiring_Safety/Wiring_Safety__Breadboard_Photo.jpg
DAPR-2255--Audio_Hardware_I/Images/wiring-safety/wiring-safety-breadboard.png	DAPR-2255--Audio_Hardware_I/Images/Wiring_Safety/Wiring_Safety__Breadboard.png
DAPR-2255--Audio_Hardware_I/Images/wiring-safety/wiring-safety-cable-insulation-materials.png	DAPR-2255--Audio_Hardware_I/Images/Wiring_Safety/Wiring_Safety__Cable_Insulation_Materials.png
DAPR-2255--Audio_Hardware_I/Images/wiring-safety/wiring-safety-conductor-progression-01.jpg	DAPR-2255--Audio_Hardware_I/Images/Wiring_Safety/Wiring_Safety__Conductor_Progression.jpg
DAPR-2255--Audio_Hardware_I/Images/wiring-safety/wiring-safety-current-path-through-body-01.png	DAPR-2255--Audio_Hardware_I/Images/Wiring_Safety/Wiring_Safety__Current_Path_Through_Body.png
DAPR-2255--Audio_Hardware_I/Images/wiring-safety/wiring-safety-esd-wrist-strap.jpg	DAPR-2255--Audio_Hardware_I/Images/Wiring_Safety/Wiring_Safety__Esd_Wrist_Strap.jpg
DAPR-2255--Audio_Hardware_I/Images/wiring-safety/wiring-safety-flux.jpg	DAPR-2255--Audio_Hardware_I/Images/Wiring_Safety/Wiring_Safety__Flux.jpg
DAPR-2255--Audio_Hardware_I/Images/wiring-safety/wiring-safety-footswitch.jpg	DAPR-2255--Audio_Hardware_I/Images/Wiring_Safety/Wiring_Safety__Footswitch.jpg
DAPR-2255--Audio_Hardware_I/Images/wiring-safety/wiring-safety-good-vs-cold-solder-joint.png	DAPR-2255--Audio_Hardware_I/Images/Wiring_Safety/Wiring_Safety__Good_vs_Cold_Solder_Joint.png
DAPR-2255--Audio_Hardware_I/Images/wiring-safety/wiring-safety-heat-shrink.png	DAPR-2255--Audio_Hardware_I/Images/Wiring_Safety/Wiring_Safety__Heat_Shrink.png
DAPR-2255--Audio_Hardware_I/Images/wiring-safety/wiring-safety-helping-hands.jpg	DAPR-2255--Audio_Hardware_I/Images/Wiring_Safety/Wiring_Safety__Helping_Hands.jpg
DAPR-2255--Audio_Hardware_I/Images/wiring-safety/wiring-safety-overview-hero.png	DAPR-2255--Audio_Hardware_I/Images/Wiring_Safety/Wiring_Safety__Overview_Hero.png
DAPR-2255--Audio_Hardware_I/Images/wiring-safety/wiring-safety-solder-wire.jpg	DAPR-2255--Audio_Hardware_I/Images/Wiring_Safety/Wiring_Safety__Solder_Wire.jpg
DAPR-2255--Audio_Hardware_I/Images/wiring-safety/wiring-safety-soldering-iron.jpg	DAPR-2255--Audio_Hardware_I/Images/Wiring_Safety/Wiring_Safety__Soldering_Iron.jpg
DAPR-2255--Audio_Hardware_I/Images/wiring-safety/wiring-safety-wire-stripper-photo.jpg	DAPR-2255--Audio_Hardware_I/Images/Wiring_Safety/Wiring_Safety__Wire_Stripper_Photo.jpg
DAPR-2255--Audio_Hardware_I/Images/wiring-safety/wiring-safety-wire-stripper.jpg	DAPR-2255--Audio_Hardware_I/Images/Wiring_Safety/Wiring_Safety__Wire_Stripper.jpg
DAPR-3255--Audio_Hardware_II/Images/audio-protocols/audio-protocols-aes50-point-to-point-chain-01.png	DAPR-3255--Audio_Hardware_II/Images/Audio_Protocols/Audio_Protocols__Daisy_Chained_Boxes_and_No_Switch.png
DAPR-3255--Audio_Hardware_II/Images/audio-protocols/audio-protocols-aes50-point-to-point-chain-02.png	DAPR-3255--Audio_Hardware_II/Images/Audio_Protocols/Audio_Protocols__Four_Blue_Cubes_Linked_in_Line.png
DAPR-3255--Audio_Hardware_II/Images/audio-protocols/audio-protocols-aes67-interoperability-overlap-01.png	DAPR-3255--Audio_Hardware_II/Images/Audio_Protocols/Audio_Protocols__Three_Circle_Venn_With_Shared_Center.png
DAPR-3255--Audio_Hardware_II/Images/audio-protocols/audio-protocols-aes67-interoperability-overlap-02.png	DAPR-3255--Audio_Hardware_II/Images/Audio_Protocols/Audio_Protocols__Overlapping_Translucent_Colored_Spheres.png
DAPR-3255--Audio_Hardware_II/Images/audio-protocols/audio-protocols-avb-milan-reserved-bandwidth-01.png	DAPR-3255--Audio_Hardware_II/Images/Audio_Protocols/Audio_Protocols__Split_Bandwidth_Bar_Above_Switch_Row.png
DAPR-3255--Audio_Hardware_II/Images/audio-protocols/audio-protocols-avb-milan-reserved-bandwidth-02.png	DAPR-3255--Audio_Hardware_II/Images/Audio_Protocols/Audio_Protocols__Cutaway_Pipe_With_Green_Core.png
DAPR-3255--Audio_Hardware_II/Images/audio-protocols/audio-protocols-dante-network-topology-01.png	DAPR-3255--Audio_Hardware_II/Images/Audio_Protocols/Audio_Protocols__Star_Wired_Devices_With_Subscription_Arrows.png
DAPR-3255--Audio_Hardware_II/Images/audio-protocols/audio-protocols-dante-network-topology-02.png	DAPR-3255--Audio_Hardware_II/Images/Audio_Protocols/Audio_Protocols__Isometric_Hub_With_Glowing_Arcs.png
DAPR-3255--Audio_Hardware_II/Images/audio-protocols/audio-protocols-ndi-bandwidth-tiers-01.png	DAPR-3255--Audio_Hardware_II/Images/Audio_Protocols/Audio_Protocols__Descending_Labeled_Bandwidth_Bars.png
DAPR-3255--Audio_Hardware_II/Images/audio-protocols/audio-protocols-ndi-bandwidth-tiers-02.png	DAPR-3255--Audio_Hardware_II/Images/Audio_Protocols/Audio_Protocols__Three_Pipes_of_Decreasing_Diameter.png
DAPR-3255--Audio_Hardware_II/Images/audio-protocols/audio-protocols-protocol-comparison-matrix-01.png	DAPR-3255--Audio_Hardware_II/Images/Audio_Protocols/Audio_Protocols__Scatter_Plot_of_Latency_and_Channels.png
DAPR-3255--Audio_Hardware_II/Images/audio-protocols/audio-protocols-protocol-comparison-matrix-02.png	DAPR-3255--Audio_Hardware_II/Images/Audio_Protocols/Audio_Protocols__Colored_Spheres_on_Grid_Plane.png
DAPR-3255--Audio_Hardware_II/Images/audio-protocols/audio-protocols-protocol-osi-layer-map-01.png	DAPR-3255--Audio_Hardware_II/Images/Audio_Protocols/Audio_Protocols__Layer_Bars_With_Protocol_Pills.png
DAPR-3255--Audio_Hardware_II/Images/audio-protocols/audio-protocols-protocol-osi-layer-map-02.png	DAPR-3255--Audio_Hardware_II/Images/Audio_Protocols/Audio_Protocols__Exploded_Slabs_With_White_Markers.png
DAPR-3255--Audio_Hardware_II/Images/audio-protocols/audio-protocols-smpte-2110-essence-separation-01.png	DAPR-3255--Audio_Hardware_II/Images/Audio_Protocols/Audio_Protocols__Source_Splitting_into_Three_Streams.png
DAPR-3255--Audio_Hardware_II/Images/audio-protocols/audio-protocols-smpte-2110-essence-separation-02.png	DAPR-3255--Audio_Hardware_II/Images/Audio_Protocols/Audio_Protocols__Black_Block_With_Three_Segmented_Cables.png
DAPR-3255--Audio_Hardware_II/Images/electronics/electronics-ac-vs-dc-waveform-01.png	DAPR-3255--Audio_Hardware_II/Images/Electronics/Electronics__Flat_Line_and_Sine_Graphs.png
DAPR-3255--Audio_Hardware_II/Images/electronics/electronics-ac-vs-dc-waveform-02.png	DAPR-3255--Audio_Hardware_II/Images/Electronics/Electronics__Straight_and_Wavy_Extruded_Ribbons.png
DAPR-3255--Audio_Hardware_II/Images/electronics/electronics-bjt-voltage-divider-bias-01.png	DAPR-3255--Audio_Hardware_II/Images/Electronics/Electronics__Transistor_Schematic_With_Four_Resistors.png
DAPR-3255--Audio_Hardware_II/Images/electronics/electronics-bjt-voltage-divider-bias-02.png	DAPR-3255--Audio_Hardware_II/Images/Electronics/Electronics__Rendered_Resistors_and_Transistor_Disc.png
DAPR-3255--Audio_Hardware_II/Images/electronics/electronics-breadboard-internal-connections-01.png	DAPR-3255--Audio_Hardware_II/Images/Electronics/Electronics__Breadboard_Internal_Connections.png
DAPR-3255--Audio_Hardware_II/Images/electronics/electronics-capacitor-electrolytic-cutaway-01.jpg	DAPR-3255--Audio_Hardware_II/Images/Electronics/Electronics__Capacitor_Electrolytic_Cutaway.jpg
DAPR-3255--Audio_Hardware_II/Images/electronics/electronics-constant-q-against-proportional-q-01.png	DAPR-3255--Audio_Hardware_II/Images/Electronics/Electronics__Constant_Q_Against_Proportional_Q.png
DAPR-3255--Audio_Hardware_II/Images/electronics/electronics-current-path-through-body-01.jpg	DAPR-3255--Audio_Hardware_II/Images/Electronics/Electronics__Current_Path_Through_Body.jpg
DAPR-3255--Audio_Hardware_II/Images/electronics/electronics-electrical-safety-current-path-01.png	DAPR-3255--Audio_Hardware_II/Images/Electronics/Electronics__Body_Outlines_With_Current_Paths.png
DAPR-3255--Audio_Hardware_II/Images/electronics/electronics-electrical-safety-current-path-02.png	DAPR-3255--Audio_Hardware_II/Images/Electronics/Electronics__Grey_Mannequins_With_Glowing_Paths.png
DAPR-3255--Audio_Hardware_II/Images/electronics/electronics-filter-alignments-01.png	DAPR-3255--Audio_Hardware_II/Images/Electronics/Electronics__Sharp_Knee_Rolloff_Curve_Trio.png
DAPR-3255--Audio_Hardware_II/Images/electronics/electronics-filter-alignments-02.png	DAPR-3255--Audio_Hardware_II/Images/Electronics/Electronics__Early_Peaking_Gradual_Rolloff_Curves.png
DAPR-3255--Audio_Hardware_II/Images/electronics/electronics-filter-q-against-bandwidth-01.png	DAPR-3255--Audio_Hardware_II/Images/Electronics/Electronics__Filter_Q_Against_Bandwidth.png
DAPR-3255--Audio_Hardware_II/Images/electronics/electronics-frequency-scaling-01.png	DAPR-3255--Audio_Hardware_II/Images/Electronics/Electronics__Frequency_Scaling.png
DAPR-3255--Audio_Hardware_II/Images/electronics/electronics-good-vs-cold-solder-joint-01.jpg	DAPR-3255--Audio_Hardware_II/Images/Electronics/Electronics__Good_vs_Cold_Solder_Joint.jpg
DAPR-3255--Audio_Hardware_II/Images/electronics/electronics-opamp-inverting-vs-noninverting-01.png	DAPR-3255--Audio_Hardware_II/Images/Electronics/Electronics__Two_Labeled_Amplifier_Schematics.png
DAPR-3255--Audio_Hardware_II/Images/electronics/electronics-opamp-inverting-vs-noninverting-02.png	DAPR-3255--Audio_Hardware_II/Images/Electronics/Electronics__Rendered_Triangles_With_Banded_Resistors.png
DAPR-3255--Audio_Hardware_II/Images/electronics/electronics-opamp-inverting-vs-noninverting-03.png	DAPR-3255--Audio_Hardware_II/Images/Electronics/Electronics__Rendered_Triangles_With_Tan_Resistors.png
DAPR-3255--Audio_Hardware_II/Images/electronics/electronics-opamp-summing-amplifier-01.png	DAPR-3255--Audio_Hardware_II/Images/Electronics/Electronics__Virtual_Ground_Node_and_Three_Inputs.png
DAPR-3255--Audio_Hardware_II/Images/electronics/electronics-opamp-summing-amplifier-02.png	DAPR-3255--Audio_Hardware_II/Images/Electronics/Electronics__Red_Node_Merging_Rendered_Resistor_Inputs.png
DAPR-3255--Audio_Hardware_II/Images/electronics/electronics-parametric-eq-boost-and-cut-01.png	DAPR-3255--Audio_Hardware_II/Images/Electronics/Electronics__Parametric_EQ_Boost_and_Cut.png
DAPR-3255--Audio_Hardware_II/Images/electronics/electronics-peak-p2p-rms-voltage-01.jpg	DAPR-3255--Audio_Hardware_II/Images/Electronics/Electronics__Peak_P2p_RMS_Voltage.jpg
DAPR-3255--Audio_Hardware_II/Images/electronics/electronics-resistors-assorted-types-01.jpg	DAPR-3255--Audio_Hardware_II/Images/Electronics/Electronics__Resistors_Assorted_Types.jpg
DAPR-3255--Audio_Hardware_II/Images/electronics/electronics-rms-peak-peak-to-peak-01.png	DAPR-3255--Audio_Hardware_II/Images/Electronics/Electronics__Sine_Wave_With_Amplitude_Reference_Lines.png
DAPR-3255--Audio_Hardware_II/Images/electronics/electronics-rms-peak-peak-to-peak-02.png	DAPR-3255--Audio_Hardware_II/Images/Electronics/Electronics__Wave_Ribbon_With_Measurement_Arrows.png
DAPR-3255--Audio_Hardware_II/Images/electronics/electronics-semiconductor-pn-junction-01.png	DAPR-3255--Audio_Hardware_II/Images/Electronics/Electronics__Doped_Blocks_and_Depletion_Gap.png
DAPR-3255--Audio_Hardware_II/Images/electronics/electronics-semiconductor-pn-junction-02.png	DAPR-3255--Audio_Hardware_II/Images/Electronics/Electronics__Rendered_Slab_With_Bubbles_and_Spheres.png
DAPR-3255--Audio_Hardware_II/Images/electronics/electronics-solder-joint-macro-01.jpg	DAPR-3255--Audio_Hardware_II/Images/Electronics/Electronics__Solder_Joint_Macro.jpg
DAPR-3255--Audio_Hardware_II/Images/electronics/electronics-symbol-battery-01.png	DAPR-3255--Audio_Hardware_II/Images/Electronics/Electronics__Symbol_Battery.png
DAPR-3255--Audio_Hardware_II/Images/electronics/electronics-symbol-capacitor-01.png	DAPR-3255--Audio_Hardware_II/Images/Electronics/Electronics__Symbol_Capacitor.png
DAPR-3255--Audio_Hardware_II/Images/electronics/electronics-symbol-diode-01.png	DAPR-3255--Audio_Hardware_II/Images/Electronics/Electronics__Symbol_Diode.png
DAPR-3255--Audio_Hardware_II/Images/electronics/electronics-symbol-fet-01.png	DAPR-3255--Audio_Hardware_II/Images/Electronics/Electronics__Symbol_Fet.png
DAPR-3255--Audio_Hardware_II/Images/electronics/electronics-symbol-ground-01.png	DAPR-3255--Audio_Hardware_II/Images/Electronics/Electronics__Symbol_Ground.png
DAPR-3255--Audio_Hardware_II/Images/electronics/electronics-symbol-inductor-01.png	DAPR-3255--Audio_Hardware_II/Images/Electronics/Electronics__Symbol_Inductor.png
DAPR-3255--Audio_Hardware_II/Images/electronics/electronics-symbol-opamp-01.png	DAPR-3255--Audio_Hardware_II/Images/Electronics/Electronics__Symbol_Opamp.png
DAPR-3255--Audio_Hardware_II/Images/electronics/electronics-symbol-resistor-01.png	DAPR-3255--Audio_Hardware_II/Images/Electronics/Electronics__Symbol_Resistor.png
DAPR-3255--Audio_Hardware_II/Images/electronics/electronics-symbol-switch-spst-01.png	DAPR-3255--Audio_Hardware_II/Images/Electronics/Electronics__Symbol_Switch_Spst.png
DAPR-3255--Audio_Hardware_II/Images/electronics/electronics-symbol-transformer-01.png	DAPR-3255--Audio_Hardware_II/Images/Electronics/Electronics__Symbol_Transformer.png
DAPR-3255--Audio_Hardware_II/Images/electronics/electronics-talkback-box-assembled-01.jpg	DAPR-3255--Audio_Hardware_II/Images/Electronics/Electronics__Talkback_Box_Assembled.jpg
DAPR-3255--Audio_Hardware_II/Images/electronics/electronics-talkback-box-din-solder-joints-01.jpg	DAPR-3255--Audio_Hardware_II/Images/Electronics/Electronics__Talkback_Box_Din_Solder_Joints.jpg
DAPR-3255--Audio_Hardware_II/Images/electronics/electronics-talkback-box-internal-wiring-01.jpg	DAPR-3255--Audio_Hardware_II/Images/Electronics/Electronics__Close_Up_of_Soldered_Connector_Lugs.jpg
DAPR-3255--Audio_Hardware_II/Images/electronics/electronics-talkback-box-internal-wiring-02.jpg	DAPR-3255--Audio_Hardware_II/Images/Electronics/Electronics__Aluminum_Panel_With_Three_Connectors.jpg
DAPR-3255--Audio_Hardware_II/Images/electronics/electronics-talkback-box-kit-contents-01.jpg	DAPR-3255--Audio_Hardware_II/Images/Electronics/Electronics__Talkback_Box_Kit_Contents.jpg
DAPR-3255--Audio_Hardware_II/Images/electronics/electronics-talkback-box-panel-connectors-01.jpg	DAPR-3255--Audio_Hardware_II/Images/Electronics/Electronics__Talkback_Box_Panel_Connectors.jpg
DAPR-3255--Audio_Hardware_II/Images/electronics/electronics-three-bjt-amplifier-configs-01.jpg	DAPR-3255--Audio_Hardware_II/Images/Electronics/Electronics__Three_BJT_Amplifier_Configs.jpg
DAPR-3255--Audio_Hardware_II/Images/electronics/electronics-xlr-female-pin-numbering-01.jpg	DAPR-3255--Audio_Hardware_II/Images/Electronics/Electronics__Xlr_Female_Pin_Numbering.jpg
DAPR-3255--Audio_Hardware_II/Images/ip-addressing/ip-addressing-cidr-block-sizes-01.png	DAPR-3255--Audio_Hardware_II/Images/IP_Addressing/IP_Addressing__Prefix_Table_and_Tapering_Triangle.png
DAPR-3255--Audio_Hardware_II/Images/ip-addressing/ip-addressing-cidr-block-sizes-02.png	DAPR-3255--Audio_Hardware_II/Images/IP_Addressing/IP_Addressing__Row_of_Shrinking_Blue_Cubes.png
DAPR-3255--Audio_Hardware_II/Images/ip-addressing/ip-addressing-ipv4-address-anatomy-01.png	DAPR-3255--Audio_Hardware_II/Images/IP_Addressing/IP_Addressing__Octet_Boxes_With_Network_Host_Braces.png
DAPR-3255--Audio_Hardware_II/Images/ip-addressing/ip-addressing-ipv4-address-anatomy-02.png	DAPR-3255--Audio_Hardware_II/Images/IP_Addressing/IP_Addressing__Three_Blue_Blocks_and_One_Green.png
DAPR-3255--Audio_Hardware_II/Images/ip-addressing/ip-addressing-ipv6-address-anatomy-01.png	DAPR-3255--Audio_Hardware_II/Images/IP_Addressing/IP_Addressing__Segmented_Bar_Over_Hexadecimal_Address.png
DAPR-3255--Audio_Hardware_II/Images/ip-addressing/ip-addressing-ipv6-address-anatomy-02.png	DAPR-3255--Audio_Hardware_II/Images/IP_Addressing/IP_Addressing__Three_Segment_Extruded_Bar.png
DAPR-3255--Audio_Hardware_II/Images/ip-addressing/ip-addressing-nat-translation-flow-01.png	DAPR-3255--Audio_Hardware_II/Images/IP_Addressing/IP_Addressing__Host_and_Cloud_Across_Translation_Box.png
DAPR-3255--Audio_Hardware_II/Images/ip-addressing/ip-addressing-nat-translation-flow-02.png	DAPR-3255--Audio_Hardware_II/Images/IP_Addressing/IP_Addressing__Rendered_Packets_Changing_Color_Midstream.png
DAPR-3255--Audio_Hardware_II/Images/ip-addressing/ip-addressing-private-address-ranges-01.png	DAPR-3255--Audio_Hardware_II/Images/IP_Addressing/IP_Addressing__Labeled_Range_Bars_of_Increasing_Length.png
DAPR-3255--Audio_Hardware_II/Images/ip-addressing/ip-addressing-private-address-ranges-02.png	DAPR-3255--Audio_Hardware_II/Images/IP_Addressing/IP_Addressing__Three_Extruded_Bars_Increasing_in_Length.png
DAPR-3255--Audio_Hardware_II/Images/ip-addressing/ip-addressing-subnet-mask-bit-boundary-01.png	DAPR-3255--Audio_Hardware_II/Images/IP_Addressing/IP_Addressing__Stacked_Bars_Split_into_Usable_Halves.png
DAPR-3255--Audio_Hardware_II/Images/ip-addressing/ip-addressing-subnet-mask-bit-boundary-02.png	DAPR-3255--Audio_Hardware_II/Images/IP_Addressing/IP_Addressing__Rendered_Bars_Divided_into_Equal_Pieces.png
DAPR-3255--Audio_Hardware_II/Images/network-architecture/network-architecture-igmp-snooping-effect-01.png	DAPR-3255--Audio_Hardware_II/Images/Network__Architecture/Network__Architecture__Flooded_Versus_Selective_Port_Delivery.png
DAPR-3255--Audio_Hardware_II/Images/network-architecture/network-architecture-igmp-snooping-effect-02.png	DAPR-3255--Audio_Hardware_II/Images/Network__Architecture/Network__Architecture__Red_and_Green_Columns_Under_Bars.png
DAPR-3255--Audio_Hardware_II/Images/network-architecture/network-architecture-multicast-vs-unicast-flow-01.png	DAPR-3255--Audio_Hardware_II/Images/Network__Architecture/Network__Architecture__Four_Copies_Versus_One_Branch.png
DAPR-3255--Audio_Hardware_II/Images/network-architecture/network-architecture-multicast-vs-unicast-flow-02.png	DAPR-3255--Audio_Hardware_II/Images/Network__Architecture/Network__Architecture__Tube_Bundle_Beside_Branching_Stem.png
DAPR-3255--Audio_Hardware_II/Images/network-architecture/network-architecture-ptp-clock-hierarchy-01.png	DAPR-3255--Audio_Hardware_II/Images/Network__Architecture/Network__Architecture__Three_Tier_Clock_Tree.png
DAPR-3255--Audio_Hardware_II/Images/network-architecture/network-architecture-ptp-clock-hierarchy-02.png	DAPR-3255--Audio_Hardware_II/Images/Network__Architecture/Network__Architecture__Red_Cube_Above_Orange_and_Grey.png
DAPR-3255--Audio_Hardware_II/Images/network-architecture/network-architecture-qos-dscp-priority-queue-01.png	DAPR-3255--Audio_Hardware_II/Images/Network__Architecture/Network__Architecture__Funnel_Sorting_Packets_into_Queues.png
DAPR-3255--Audio_Hardware_II/Images/network-architecture/network-architecture-qos-dscp-priority-queue-02.png	DAPR-3255--Audio_Hardware_II/Images/Network__Architecture/Network__Architecture__Wedge_Merging_Four_Cube_Rows.png
DAPR-3255--Audio_Hardware_II/Images/network-architecture/network-architecture-trunk-port-tagging-01.png	DAPR-3255--Audio_Hardware_II/Images/Network__Architecture/Network__Architecture__Tagged_Frames_on_Link_Between_Switches.png
DAPR-3255--Audio_Hardware_II/Images/network-architecture/network-architecture-trunk-port-tagging-02.png	DAPR-3255--Audio_Hardware_II/Images/Network__Architecture/Network__Architecture__Cube_Chain_With_Yellow_Tags.png
DAPR-3255--Audio_Hardware_II/Images/network-architecture/network-architecture-vlan-segmentation-01.png	DAPR-3255--Audio_Hardware_II/Images/Network__Architecture/Network__Architecture__One_Switch_and_Dashed_Divider.png
DAPR-3255--Audio_Hardware_II/Images/network-architecture/network-architecture-vlan-segmentation-02.png	DAPR-3255--Audio_Hardware_II/Images/Network__Architecture/Network__Architecture__Red_Wall_Separating_Green_and_Blue.png
DAPR-3255--Audio_Hardware_II/Images/network-configuration/network-configuration-dhcp-four-step-handshake-01.png	DAPR-3255--Audio_Hardware_II/Images/Network__Configuration/Network__Configuration__Client_and_Server_Four_Message_Exchange.png
DAPR-3255--Audio_Hardware_II/Images/network-configuration/network-configuration-dhcp-four-step-handshake-02.png	DAPR-3255--Audio_Hardware_II/Images/Network__Configuration/Network__Configuration__Alternating_Arrows_Between_Two_Posts.png
DAPR-3255--Audio_Hardware_II/Images/network-configuration/network-configuration-dns-resolution-chain-01.png	DAPR-3255--Audio_Hardware_II/Images/Network__Configuration/Network__Configuration__Box_Chain_With_Return_Arc.png
DAPR-3255--Audio_Hardware_II/Images/network-configuration/network-configuration-dns-resolution-chain-02.png	DAPR-3255--Audio_Hardware_II/Images/Network__Configuration/Network__Configuration__Rounded_Cubes_and_Orange_Arrows.png
DAPR-3255--Audio_Hardware_II/Images/network-configuration/network-configuration-managed-vs-unmanaged-switch-01.png	DAPR-3255--Audio_Hardware_II/Images/Network__Configuration/Network__Configuration__Managed_vs_Unmanaged_Switch.png
DAPR-3255--Audio_Hardware_II/Images/network-configuration/network-configuration-static-vs-dhcp-assignment-01.png	DAPR-3255--Audio_Hardware_II/Images/Network__Configuration/Network__Configuration__Hand_Labeled_Devices_Versus_Central_Server.png
DAPR-3255--Audio_Hardware_II/Images/network-configuration/network-configuration-static-vs-dhcp-assignment-02.png	DAPR-3255--Audio_Hardware_II/Images/Network__Configuration/Network__Configuration__Separate_Knobs_Versus_Shared_Manifold.png
DAPR-3255--Audio_Hardware_II/Images/network-diagnostics/network-diagnostics-arp-resolution-sequence-01.png	DAPR-3255--Audio_Hardware_II/Images/Network__Diagnostics/Network__Diagnostics__Broadcast_Question_and_Single_Reply.png
DAPR-3255--Audio_Hardware_II/Images/network-diagnostics/network-diagnostics-arp-resolution-sequence-02.png	DAPR-3255--Audio_Hardware_II/Images/Network__Diagnostics/Network__Diagnostics__Fanned_Orange_Arrows_and_Green_Return.png
DAPR-3255--Audio_Hardware_II/Images/network-diagnostics/network-diagnostics-arp-resolution-sequence-03.png	DAPR-3255--Audio_Hardware_II/Images/Network__Diagnostics/Network__Diagnostics__Wide_Source_Block_With_Converging_Arrows.png
DAPR-3255--Audio_Hardware_II/Images/network-diagnostics/network-diagnostics-capture-point-placement-01.png	DAPR-3255--Audio_Hardware_II/Images/Network__Diagnostics/Network__Diagnostics__Inline_Tap_and_Mirror_Port_Wiring.png
DAPR-3255--Audio_Hardware_II/Images/network-diagnostics/network-diagnostics-capture-point-placement-02.png	DAPR-3255--Audio_Hardware_II/Images/Network__Diagnostics/Network__Diagnostics__Block_Clusters_With_Tube_Junctions.png
DAPR-3255--Audio_Hardware_II/Images/network-diagnostics/network-diagnostics-diagnostic-ladder-01.png	DAPR-3255--Audio_Hardware_II/Images/Network__Diagnostics/Network__Diagnostics__Six_Rung_Ladder_With_Tool_Labels.png
DAPR-3255--Audio_Hardware_II/Images/network-diagnostics/network-diagnostics-diagnostic-ladder-02.png	DAPR-3255--Audio_Hardware_II/Images/Network__Diagnostics/Network__Diagnostics__Staircase_of_Six_Colored_Slabs.png
DAPR-3255--Audio_Hardware_II/Images/network-diagnostics/network-diagnostics-mirror-against-tap-01.png	DAPR-3255--Audio_Hardware_II/Images/Network__Diagnostics/Network__Diagnostics__Mirror_Against_Tap.png
DAPR-3255--Audio_Hardware_II/Images/network-diagnostics/network-diagnostics-ping-round-trip-01.png	DAPR-3255--Audio_Hardware_II/Images/Network__Diagnostics/Network__Diagnostics__Echo_Request_and_Reply_Timing.png
DAPR-3255--Audio_Hardware_II/Images/network-diagnostics/network-diagnostics-ping-round-trip-02.png	DAPR-3255--Audio_Hardware_II/Images/Network__Diagnostics/Network__Diagnostics__Opposing_Arrows_and_Vertical_Measure.png
DAPR-3255--Audio_Hardware_II/Images/network-diagnostics/network-diagnostics-traceroute-hop-discovery-01.png	DAPR-3255--Audio_Hardware_II/Images/Network__Diagnostics/Network__Diagnostics__Expanding_Arrows_Halting_Along_Hop_Chain.png
DAPR-3255--Audio_Hardware_II/Images/network-diagnostics/network-diagnostics-traceroute-hop-discovery-02.png	DAPR-3255--Audio_Hardware_II/Images/Network__Diagnostics/Network__Diagnostics__Green_Arrows_Bursting_Against_Posts.png
DAPR-3255--Audio_Hardware_II/Images/network-diagnostics/network-diagnostics-troubleshooting-decision-tree-01.png	DAPR-3255--Audio_Hardware_II/Images/Network__Diagnostics/Network__Diagnostics__Flowchart_of_Diamonds_and_Outcomes.png
DAPR-3255--Audio_Hardware_II/Images/network-diagnostics/network-diagnostics-troubleshooting-decision-tree-02.png	DAPR-3255--Audio_Hardware_II/Images/Network__Diagnostics/Network__Diagnostics__Blue_Diamonds_Branching_to_Grey_Blocks.png
DAPR-3255--Audio_Hardware_II/Images/network-foundations/network-foundations-analog-snake-vs-network-01.png	DAPR-3255--Audio_Hardware_II/Images/Network__Foundations/Network__Foundations__Analog_Snake_vs_Network.png
DAPR-3255--Audio_Hardware_II/Images/network-foundations/network-foundations-layer2-switch-frame-forwarding-01.png	DAPR-3255--Audio_Hardware_II/Images/Network__Foundations/Network__Foundations__Switch_Table_and_Forwarded_Path.png
DAPR-3255--Audio_Hardware_II/Images/network-foundations/network-foundations-layer2-switch-frame-forwarding-02.png	DAPR-3255--Audio_Hardware_II/Images/Network__Foundations/Network__Foundations__Green_Pipe_Arching_Between_Cubes.png
DAPR-3255--Audio_Hardware_II/Images/network-foundations/network-foundations-layer3-router-between-subnets-01.png	DAPR-3255--Audio_Hardware_II/Images/Network__Foundations/Network__Foundations__Two_Subnet_Groups_and_Central_Router.png
DAPR-3255--Audio_Hardware_II/Images/network-foundations/network-foundations-layer3-router-between-subnets-02.png	DAPR-3255--Audio_Hardware_II/Images/Network__Foundations/Network__Foundations__Orange_Sphere_Bridging_Two_Plates.png
DAPR-3255--Audio_Hardware_II/Images/network-foundations/network-foundations-osi-seven-layer-stack-01.png	DAPR-3255--Audio_Hardware_II/Images/Network__Foundations/Network__Foundations__Seven_Colored_Layers_Labeled_in_Order.png
DAPR-3255--Audio_Hardware_II/Images/network-foundations/network-foundations-osi-seven-layer-stack-02.png	DAPR-3255--Audio_Hardware_II/Images/Network__Foundations/Network__Foundations__Exploded_Stack_of_Seven_Slabs.png
DAPR-3255--Audio_Hardware_II/Images/network-foundations/network-foundations-straight-through-vs-crossover-01.png	DAPR-3255--Audio_Hardware_II/Images/Network__Foundations/Network__Foundations__Straight_Through_vs_Crossover.png
DAPR-3255--Audio_Hardware_II/Images/network-foundations/network-foundations-t568a-t568b-pin-order-01.png	DAPR-3255--Audio_Hardware_II/Images/Network__Foundations/Network__Foundations__T568a_T568b_Pin_Order.png
DAPR-3255--Audio_Hardware_II/Images/network-foundations/network-foundations-tcp-vs-udp-comparison-01.png	DAPR-3255--Audio_Hardware_II/Images/Network__Foundations/Network__Foundations__Two_Arrow_Ladders_With_Dropped_Packet.png
DAPR-3255--Audio_Hardware_II/Images/network-foundations/network-foundations-tcp-vs-udp-comparison-02.png	DAPR-3255--Audio_Hardware_II/Images/Network__Foundations/Network__Foundations__Cube_Tray_With_Missing_Piece.png
DAPR-3255--Audio_Hardware_II/Images/wireless/wireless-antenna-patterns-01.png	DAPR-3255--Audio_Hardware_II/Images/Wireless/Wireless__Antenna_Patterns.png
DAPR-3255--Audio_Hardware_II/Images/wireless/wireless-microphone-against-iem-direction-01.png	DAPR-3255--Audio_Hardware_II/Images/Wireless/Wireless__Microphone_Against_Iem_Direction.png
DAPR-3255--Audio_Hardware_II/Images/wireless/wireless-multipath-null-and-diversity-01.png	DAPR-3255--Audio_Hardware_II/Images/Wireless/Wireless__Multipath_Null_and_Diversity.png
DAPR-3255--Audio_Hardware_II/Images/wireless/wireless-third-order-intermodulation-01.png	DAPR-3255--Audio_Hardware_II/Images/Wireless/Wireless__Third_Order_Intermodulation.png
DAPR-3340--Spatial_Audio_I/Images/ambisonics-and-binaural/ambisonics-ambisonics-versus-binaural-01.png	DAPR-3340--Spatial_Audio_I/Images/Ambisonics_and_Binaural/Ambisonics_and_Binaural__Ambisonics_Ambisonics_versus_Binaural.png
DAPR-3340--Spatial_Audio_I/Images/ambisonics-and-binaural/ambisonics-ambix-versus-fuma-channel-order-01.png	DAPR-3340--Spatial_Audio_I/Images/Ambisonics_and_Binaural/Ambisonics_and_Binaural__Ambisonics_Ambix_versus_Fuma_Channel_Order.png
DAPR-3340--Spatial_Audio_I/Images/ambisonics-and-binaural/ambisonics-and-binaural-audio-360-control-and-spatialiser-01.png	DAPR-3340--Spatial_Audio_I/Images/Ambisonics_and_Binaural/Ambisonics_and_Binaural__Audio_360_Control_and_Spatialiser.png
DAPR-3340--Spatial_Audio_I/Images/ambisonics-and-binaural/ambisonics-and-binaural-exercise-music-01.png	DAPR-3340--Spatial_Audio_I/Images/Ambisonics_and_Binaural/Ambisonics_and_Binaural__Ambisonic_Strings_Clip_Track_List.png
DAPR-3340--Spatial_Audio_I/Images/ambisonics-and-binaural/ambisonics-and-binaural-exercise-music-02.png	DAPR-3340--Spatial_Audio_I/Images/Ambisonics_and_Binaural/Ambisonics_and_Binaural__Spot_Dialog_With_Timecode_Fields.png
DAPR-3340--Spatial_Audio_I/Images/ambisonics-and-binaural/ambisonics-and-binaural-exercise-music-03.png	DAPR-3340--Spatial_Audio_I/Images/Ambisonics_and_Binaural/Ambisonics_and_Binaural__Ambisonic_Input_Format_Menu.png
DAPR-3340--Spatial_Audio_I/Images/ambisonics-and-binaural/ambisonics-and-binaural-exercise-post-01.png	DAPR-3340--Spatial_Audio_I/Images/Ambisonics_and_Binaural/Ambisonics_and_Binaural__Exercise_Post.png
DAPR-3340--Spatial_Audio_I/Images/ambisonics-and-binaural/ambisonics-and-binaural-pt-atmos-binaural-mode-menu-01.png	DAPR-3340--Spatial_Audio_I/Images/Ambisonics_and_Binaural/Ambisonics_and_Binaural__Pt_Atmos_Binaural_Mode_Menu.png
DAPR-3340--Spatial_Audio_I/Images/ambisonics-and-binaural/ambisonics-and-binaural-pt-immersive-panner-lcr-object-01.png	DAPR-3340--Spatial_Audio_I/Images/Ambisonics_and_Binaural/Ambisonics_and_Binaural__Pt_Immersive_Panner_Lcr_Object.png
DAPR-3340--Spatial_Audio_I/Images/ambisonics-and-binaural/ambisonics-and-binaural-pt-immersive-panner-mpegh-speaker-layout-01.png	DAPR-3340--Spatial_Audio_I/Images/Ambisonics_and_Binaural/Ambisonics_and_Binaural__Pt_Immersive_Panner_Mpegh_Speaker_Layout.png
DAPR-3340--Spatial_Audio_I/Images/ambisonics-and-binaural/ambisonics-and-binaural-render-mode-near-mid-far-01.png	DAPR-3340--Spatial_Audio_I/Images/Ambisonics_and_Binaural/Ambisonics_and_Binaural__Render_Mode_Near_Mid_Far.png
DAPR-3340--Spatial_Audio_I/Images/ambisonics-and-binaural/ambisonics-basics-01.png	DAPR-3340--Spatial_Audio_I/Images/Ambisonics_and_Binaural/Ambisonics_and_Binaural__Ambisonics_Basics.png
DAPR-3340--Spatial_Audio_I/Images/ambisonics-and-binaural/ambisonics-nine-zero-four-speaker-layout-01.png	DAPR-3340--Spatial_Audio_I/Images/Ambisonics_and_Binaural/Ambisonics_and_Binaural__Ambisonics_Nine_Zero_Four_Speaker_Layout.png
DAPR-3340--Spatial_Audio_I/Images/ambisonics-and-binaural/ambisonics-paths-in-i-slash-o-setup-01.png	DAPR-3340--Spatial_Audio_I/Images/Ambisonics_and_Binaural/Ambisonics_and_Binaural__New_Path_Format_Menu_With_Ambisonics.png
DAPR-3340--Spatial_Audio_I/Images/ambisonics-and-binaural/ambisonics-paths-in-i-slash-o-setup-02.png	DAPR-3340--Spatial_Audio_I/Images/Ambisonics_and_Binaural/Ambisonics_and_Binaural__Ambisonic_Bus_Rows_in_Bus_Tab.png
DAPR-3340--Spatial_Audio_I/Images/ambisonics-and-binaural/binaural-basics-01.png	DAPR-3340--Spatial_Audio_I/Images/Ambisonics_and_Binaural/Ambisonics_and_Binaural__Dummy_Head_Binaural_Microphone.png
DAPR-3340--Spatial_Audio_I/Images/ambisonics-and-binaural/binaural-basics-02.png	DAPR-3340--Spatial_Audio_I/Images/Ambisonics_and_Binaural/Ambisonics_and_Binaural__In_Ear_Binaural_Microphone_Photo.png
DAPR-3340--Spatial_Audio_I/Images/ambisonics-and-binaural/binaural-basics-03.jpg	DAPR-3340--Spatial_Audio_I/Images/Ambisonics_and_Binaural/Ambisonics_and_Binaural__Hexagon_Grid_Speaker_Layout_Editor.jpg
DAPR-3340--Spatial_Audio_I/Images/ambisonics-and-binaural/binaural-basics-04.jpg	DAPR-3340--Spatial_Audio_I/Images/Ambisonics_and_Binaural/Ambisonics_and_Binaural__AirPods_and_iPhone_Spatial_Audio_Setup.jpg
DAPR-3340--Spatial_Audio_I/Images/ambisonics-and-binaural/decoding-ambisonics-01.png	DAPR-3340--Spatial_Audio_I/Images/Ambisonics_and_Binaural/Ambisonics_and_Binaural__SoundField_Decoder_Plugin_Window.png
DAPR-3340--Spatial_Audio_I/Images/ambisonics-and-binaural/decoding-ambisonics-02.png	DAPR-3340--Spatial_Audio_I/Images/Ambisonics_and_Binaural/Ambisonics_and_Binaural__Ambisonic_Decoder_Plugin_Insert_Menu.png
DAPR-3340--Spatial_Audio_I/Images/ambisonics-and-binaural/decoding-ambisonics-03.png	DAPR-3340--Spatial_Audio_I/Images/Ambisonics_and_Binaural/Ambisonics_and_Binaural__Ambisonic_Track_Strip_Routed_to_Bus.png
DAPR-3340--Spatial_Audio_I/Images/ambisonics-and-binaural/decoding-ambisonics-04.png	DAPR-3340--Spatial_Audio_I/Images/Ambisonics_and_Binaural/Ambisonics_and_Binaural__Ambisonic_Input_Format_Dropdown_Open.png
DAPR-3340--Spatial_Audio_I/Images/ambisonics-and-binaural/importing-ambisonics-files-in-pro-tools-01.png	DAPR-3340--Spatial_Audio_I/Images/Ambisonics_and_Binaural/Ambisonics_and_Binaural__Clips_List_With_Ambisonic_Files.png
DAPR-3340--Spatial_Audio_I/Images/ambisonics-and-binaural/importing-ambisonics-files-in-pro-tools-02.png	DAPR-3340--Spatial_Audio_I/Images/Ambisonics_and_Binaural/Ambisonics_and_Binaural__B_Format_Clips_List_Expanded.png
DAPR-3340--Spatial_Audio_I/Images/ambisonics-and-binaural/importing-ambisonics-files-in-pro-tools-03.png	DAPR-3340--Spatial_Audio_I/Images/Ambisonics_and_Binaural/Ambisonics_and_Binaural__Clip_List_of_Ambisonic_Component_Channels.png
DAPR-3340--Spatial_Audio_I/Images/ambisonics-and-binaural/importing-ambisonics-files-in-pro-tools-04.png	DAPR-3340--Spatial_Audio_I/Images/Ambisonics_and_Binaural/Ambisonics_and_Binaural__Ambisonic_and_Quad_Tracks_With_Waveforms.png
DAPR-3340--Spatial_Audio_I/Images/ambisonics-and-binaural/recording-ambisonics-01.jpeg	DAPR-3340--Spatial_Audio_I/Images/Ambisonics_and_Binaural/Ambisonics_and_Binaural__Recording_Ambisonics.jpg
DAPR-3340--Spatial_Audio_I/Images/ambisonics-and-binaural/recording-ambisonics-02.jpg	DAPR-3340--Spatial_Audio_I/Images/Ambisonics_and_Binaural/Ambisonics_and_Binaural__Tetrahedral_Ambisonic_Microphone_Capsules.jpg
DAPR-3340--Spatial_Audio_I/Images/ambisonics-and-binaural/recording-ambisonics-03.jpg	DAPR-3340--Spatial_Audio_I/Images/Ambisonics_and_Binaural/Ambisonics_and_Binaural__Handheld_Ambisonic_Recorder_Photo.jpg
DAPR-3340--Spatial_Audio_I/Images/ambisonics-and-binaural/working-with-binaural-in-pro-tools-01.png	DAPR-3340--Spatial_Audio_I/Images/Ambisonics_and_Binaural/Ambisonics_and_Binaural__Binaural_Encoder_Plugin_Window.png
DAPR-3340--Spatial_Audio_I/Images/ambisonics-and-binaural/working-with-binaural-in-pro-tools-02.png	DAPR-3340--Spatial_Audio_I/Images/Ambisonics_and_Binaural/Ambisonics_and_Binaural__Sound_Field_Plugin_Menu_Showing_HEar.png
DAPR-3340--Spatial_Audio_I/Images/ambisonics-and-binaural/working-with-binaural-in-pro-tools-03.png	DAPR-3340--Spatial_Audio_I/Images/Ambisonics_and_Binaural/Ambisonics_and_Binaural__Channel_Strip_With_Binaural_Insert.png
DAPR-3340--Spatial_Audio_I/Images/ambisonics-and-binaural/working-with-binaural-in-pro-tools-04.png	DAPR-3340--Spatial_Audio_I/Images/Ambisonics_and_Binaural/Ambisonics_and_Binaural__Binaural_Renderer_Channel_Strip.png
DAPR-3340--Spatial_Audio_I/Images/ambisonics-and-binaural/working-with-binaural-in-pro-tools-05.png	DAPR-3340--Spatial_Audio_I/Images/Ambisonics_and_Binaural/Ambisonics_and_Binaural__Routing_Matrix_Grid_Close_Up.png
DAPR-3340--Spatial_Audio_I/Images/ambisonics-and-binaural/working-with-binaural-in-pro-tools-06.png	DAPR-3340--Spatial_Audio_I/Images/Ambisonics_and_Binaural/Ambisonics_and_Binaural__Channel_Order_Matrix_and_Format_Menu.png
DAPR-3340--Spatial_Audio_I/Images/boaa-lab/boaa-lab-path-selector-search-bus-01.png	DAPR-3340--Spatial_Audio_I/Images/BOAA_Lab/BOAA_Lab__Path_Selector_Search_Bus.png
DAPR-3340--Spatial_Audio_I/Images/boaa-lab/boaa-lab-room-layout-01.png	DAPR-3340--Spatial_Audio_I/Images/BOAA_Lab/BOAA_Lab__Room_Layout.png
DAPR-3340--Spatial_Audio_I/Images/boaa-lab/boaa-lab-send-assign-menu-bus-or-track-01.png	DAPR-3340--Spatial_Audio_I/Images/BOAA_Lab/BOAA_Lab__Send_Assign_Menu_Bus_or_Track.png
DAPR-3340--Spatial_Audio_I/Images/boaa-lab/lesson-02-understanding-output-paths-and-monitoring-01.png	DAPR-3340--Spatial_Audio_I/Images/BOAA_Lab/BOAA_Lab__Annotated_Audio_Interface_Front_Panel.png
DAPR-3340--Spatial_Audio_I/Images/boaa-lab/lesson-02-understanding-output-paths-and-monitoring-02.png	DAPR-3340--Spatial_Audio_I/Images/BOAA_Lab/BOAA_Lab__Interface_and_Headphone_Amp_Routing_Diagram.png
DAPR-3340--Spatial_Audio_I/Images/boaa-lab/lesson-03-first-launch-of-pro-tools-01.png	DAPR-3340--Spatial_Audio_I/Images/BOAA_Lab/BOAA_Lab__Mac_Desktop_With_Dock_and_Notification.png
DAPR-3340--Spatial_Audio_I/Images/boaa-lab/lesson-03-first-launch-of-pro-tools-02.png	DAPR-3340--Spatial_Audio_I/Images/BOAA_Lab/BOAA_Lab__Pro_Tools_Splash_With_Microphone_Alert.png
DAPR-3340--Spatial_Audio_I/Images/boaa-lab/lesson-03-first-launch-of-pro-tools-03.png	DAPR-3340--Spatial_Audio_I/Images/BOAA_Lab/BOAA_Lab__Microphone_Access_Alert_at_Startup.png
DAPR-3340--Spatial_Audio_I/Images/boaa-lab/lesson-03-first-launch-of-pro-tools-04.png	DAPR-3340--Spatial_Audio_I/Images/BOAA_Lab/BOAA_Lab__Microphone_Access_Permission_Dialog.png
DAPR-3340--Spatial_Audio_I/Images/boaa-lab/lesson-03-first-launch-of-pro-tools-05.png	DAPR-3340--Spatial_Audio_I/Images/BOAA_Lab/BOAA_Lab__Local_Network_Permission_Dialog.png
DAPR-3340--Spatial_Audio_I/Images/boaa-lab/lesson-03-first-launch-of-pro-tools-06.png	DAPR-3340--Spatial_Audio_I/Images/BOAA_Lab/BOAA_Lab__Prompt_to_Select_Playback_Engine_Device.png
DAPR-3340--Spatial_Audio_I/Images/boaa-lab/lesson-03-first-launch-of-pro-tools-07.png	DAPR-3340--Spatial_Audio_I/Images/BOAA_Lab/BOAA_Lab__Playback_Engine_Set_to_Aggregate_I-O.png
DAPR-3340--Spatial_Audio_I/Images/boaa-lab/lesson-03-first-launch-of-pro-tools-08.png	DAPR-3340--Spatial_Audio_I/Images/BOAA_Lab/BOAA_Lab__Playback_Engine_Device_List.png
DAPR-3340--Spatial_Audio_I/Images/boaa-lab/lesson-03-first-launch-of-pro-tools-09.png	DAPR-3340--Spatial_Audio_I/Images/BOAA_Lab/BOAA_Lab__Playback_Engine_Set_to_Volt_Interface.png
DAPR-3340--Spatial_Audio_I/Images/boaa-lab/lesson-03-first-launch-of-pro-tools-10.png	DAPR-3340--Spatial_Audio_I/Images/BOAA_Lab/BOAA_Lab__Avid_Diagnostic_Data_Consent_Prompt.png
DAPR-3340--Spatial_Audio_I/Images/boaa-lab/lesson-03-first-launch-of-pro-tools-11.png	DAPR-3340--Spatial_Audio_I/Images/BOAA_Lab/BOAA_Lab__Session_Dashboard_With_Welcome_Popup.png
DAPR-3340--Spatial_Audio_I/Images/boaa-lab/lesson-03-first-launch-of-pro-tools-12.png	DAPR-3340--Spatial_Audio_I/Images/BOAA_Lab/BOAA_Lab__New_Session_Dashboard_Settings.png
DAPR-3340--Spatial_Audio_I/Images/boaa-lab/lesson-03-first-launch-of-pro-tools-13.png	DAPR-3340--Spatial_Audio_I/Images/BOAA_Lab/BOAA_Lab__Dashboard_New_Session_Location_Menu.png
DAPR-3340--Spatial_Audio_I/Images/boaa-lab/lesson-03-first-launch-of-pro-tools-14.png	DAPR-3340--Spatial_Audio_I/Images/BOAA_Lab/BOAA_Lab__Dashboard_New_Session_Configuration_Panel.png
DAPR-3340--Spatial_Audio_I/Images/boaa-lab/lesson-03-first-launch-of-pro-tools-15.png	DAPR-3340--Spatial_Audio_I/Images/BOAA_Lab/BOAA_Lab__Dashboard_Interleaved_Option_Tooltip.png
DAPR-3340--Spatial_Audio_I/Images/boaa-lab/lesson-03-first-launch-of-pro-tools-16.png	DAPR-3340--Spatial_Audio_I/Images/BOAA_Lab/BOAA_Lab__Dolby_Atmos_Template_List_Expanded.png
DAPR-3340--Spatial_Audio_I/Images/boaa-lab/lesson-03-first-launch-of-pro-tools-17.png	DAPR-3340--Spatial_Audio_I/Images/BOAA_Lab/BOAA_Lab__Finder_Window_Showing_New_Folder.png
DAPR-3340--Spatial_Audio_I/Images/boaa-lab/lesson-03-first-launch-of-pro-tools-18.png	DAPR-3340--Spatial_Audio_I/Images/BOAA_Lab/BOAA_Lab__Finder_Window_With_Session_Template_File.png
DAPR-3340--Spatial_Audio_I/Images/boaa-lab/lesson-03-first-launch-of-pro-tools-19.png	DAPR-3340--Spatial_Audio_I/Images/BOAA_Lab/BOAA_Lab__Save_New_Session_As_Dialog.png
DAPR-3340--Spatial_Audio_I/Images/boaa-lab/lesson-03-first-launch-of-pro-tools-20.png	DAPR-3340--Spatial_Audio_I/Images/BOAA_Lab/BOAA_Lab__Empty_Edit_Window_Single_Track.png
DAPR-3340--Spatial_Audio_I/Images/boaa-lab/lesson-06-optional-presonus-faderport-8-configuration-01.png	DAPR-3340--Spatial_Audio_I/Images/BOAA_Lab/BOAA_Lab__Setup_Menu_Open_in_Edit_Window.png
DAPR-3340--Spatial_Audio_I/Images/boaa-lab/lesson-06-optional-presonus-faderport-8-configuration-02.png	DAPR-3340--Spatial_Audio_I/Images/BOAA_Lab/BOAA_Lab__Peripherals_MIDI_Controllers_Predefined_Menu.png
DAPR-3340--Spatial_Audio_I/Images/boaa-lab/lesson-1-studio-login-and-file-access-01.png	DAPR-3340--Spatial_Audio_I/Images/BOAA_Lab/BOAA_Lab__Empty_Desktop_Finder_Window.png
DAPR-3340--Spatial_Audio_I/Images/boaa-lab/lesson-1-studio-login-and-file-access-02.png	DAPR-3340--Spatial_Audio_I/Images/BOAA_Lab/BOAA_Lab__Finder_Menu_Settings_Highlighted.png
DAPR-3340--Spatial_Audio_I/Images/boaa-lab/lesson-1-studio-login-and-file-access-03.png	DAPR-3340--Spatial_Audio_I/Images/BOAA_Lab/BOAA_Lab__Finder_Settings_General_Pane.png
DAPR-3340--Spatial_Audio_I/Images/boaa-lab/lesson-1-studio-login-and-file-access-04.png	DAPR-3340--Spatial_Audio_I/Images/BOAA_Lab/BOAA_Lab__Finder_Settings_General_Pane_Open.png
DAPR-3340--Spatial_Audio_I/Images/boaa-lab/lesson-1-studio-login-and-file-access-05.png	DAPR-3340--Spatial_Audio_I/Images/BOAA_Lab/BOAA_Lab__Finder_Settings_Sidebar_Preferences.png
DAPR-3340--Spatial_Audio_I/Images/boaa-lab/lesson-1-studio-login-and-file-access-06.png	DAPR-3340--Spatial_Audio_I/Images/BOAA_Lab/BOAA_Lab__Macintosh_HD_Root_Folders.png
DAPR-3340--Spatial_Audio_I/Images/boaa-lab/lesson-1-studio-login-and-file-access-08.png	DAPR-3340--Spatial_Audio_I/Images/BOAA_Lab/BOAA_Lab__Macintosh_HD_Root_Folders_in_Finder.png
DAPR-3340--Spatial_Audio_I/Images/boaa-lab/lesson-1-studio-login-and-file-access-10.png	DAPR-3340--Spatial_Audio_I/Images/BOAA_Lab/BOAA_Lab__Users_Folder_With_Shared_Selected.png
DAPR-3340--Spatial_Audio_I/Images/boaa-lab/lesson-1-studio-login-and-file-access-11.png	DAPR-3340--Spatial_Audio_I/Images/BOAA_Lab/BOAA_Lab__Shared_Folder_With_Lab_Files.png
DAPR-3340--Spatial_Audio_I/Images/boaa-lab/lesson-1-studio-login-and-file-access-12.png	DAPR-3340--Spatial_Audio_I/Images/BOAA_Lab/BOAA_Lab__Shared_Template_File_in_Finder.png
DAPR-3340--Spatial_Audio_I/Images/configuring-pro-tools-for-atmos/configuring-audio-and-network-settings-01.png	DAPR-3340--Spatial_Audio_I/Images/Configuring_Pro_Tools_for_Atmos/Configuring_Pro_Tools_for_Atmos__Renderer_Preferences_Devices_and_Monitoring.png
DAPR-3340--Spatial_Audio_I/Images/configuring-pro-tools-for-atmos/configuring-audio-and-network-settings-02.png	DAPR-3340--Spatial_Audio_I/Images/Configuring_Pro_Tools_for_Atmos/Configuring_Pro_Tools_for_Atmos__Playback_Engine_Set_to_Dolby_Bridge.png
DAPR-3340--Spatial_Audio_I/Images/configuring-pro-tools-for-atmos/configuring-audio-and-network-settings-03.png	DAPR-3340--Spatial_Audio_I/Images/Configuring_Pro_Tools_for_Atmos/Configuring_Pro_Tools_for_Atmos__Red_Arrow_Pointing_to_Atmos_Tab.png
DAPR-3340--Spatial_Audio_I/Images/configuring-pro-tools-for-atmos/configuring-audio-and-network-settings-04.png	DAPR-3340--Spatial_Audio_I/Images/Configuring_Pro_Tools_for_Atmos/Configuring_Pro_Tools_for_Atmos__Renderer_Host_Address_Field_Arrow.png
DAPR-3340--Spatial_Audio_I/Images/configuring-pro-tools-for-atmos/configuring-pro-tools-for-atmos-bed-versus-object-decision-01.png	DAPR-3340--Spatial_Audio_I/Images/Configuring_Pro_Tools_for_Atmos/Configuring_Pro_Tools_for_Atmos__Bed_versus_Object_Decision.png
DAPR-3340--Spatial_Audio_I/Images/configuring-pro-tools-for-atmos/configuring-pro-tools-for-atmos-exercise-music-01.png	DAPR-3340--Spatial_Audio_I/Images/Configuring_Pro_Tools_for_Atmos/Configuring_Pro_Tools_for_Atmos__Input_Configuration_List_of_Object_Assignments.png
DAPR-3340--Spatial_Audio_I/Images/configuring-pro-tools-for-atmos/configuring-pro-tools-for-atmos-exercise-music-02.png	DAPR-3340--Spatial_Audio_I/Images/Configuring_Pro_Tools_for_Atmos/Configuring_Pro_Tools_for_Atmos__Renderer_Groups_List_Window.png
DAPR-3340--Spatial_Audio_I/Images/configuring-pro-tools-for-atmos/configuring-pro-tools-for-atmos-exercise-music-03.png	DAPR-3340--Spatial_Audio_I/Images/Configuring_Pro_Tools_for_Atmos/Configuring_Pro_Tools_for_Atmos__Input_Configuration_Object_Group_Assignments.png
DAPR-3340--Spatial_Audio_I/Images/configuring-pro-tools-for-atmos/configuring-pro-tools-for-atmos-exercise-music-04.png	DAPR-3340--Spatial_Audio_I/Images/Configuring_Pro_Tools_for_Atmos/Configuring_Pro_Tools_for_Atmos__Atmos_Submix_Channel_Strip_Bank.png
DAPR-3340--Spatial_Audio_I/Images/configuring-pro-tools-for-atmos/configuring-pro-tools-for-atmos-exercise-music-05.png	DAPR-3340--Spatial_Audio_I/Images/Configuring_Pro_Tools_for_Atmos/Configuring_Pro_Tools_for_Atmos__Mixer_Strips_Assigned_to_Objects.png
DAPR-3340--Spatial_Audio_I/Images/configuring-pro-tools-for-atmos/configuring-pro-tools-for-atmos-exercise-post-01.png	DAPR-3340--Spatial_Audio_I/Images/Configuring_Pro_Tools_for_Atmos/Configuring_Pro_Tools_for_Atmos__Input_Configuration_Bed_and_Object_Rows.png
DAPR-3340--Spatial_Audio_I/Images/configuring-pro-tools-for-atmos/configuring-pro-tools-for-atmos-exercise-post-02.png	DAPR-3340--Spatial_Audio_I/Images/Configuring_Pro_Tools_for_Atmos/Configuring_Pro_Tools_for_Atmos__Groups_Window_With_Group_List.png
DAPR-3340--Spatial_Audio_I/Images/configuring-pro-tools-for-atmos/configuring-pro-tools-for-atmos-exercise-post-03.png	DAPR-3340--Spatial_Audio_I/Images/Configuring_Pro_Tools_for_Atmos/Configuring_Pro_Tools_for_Atmos__Input_Assignment_List_With_Groups.png
DAPR-3340--Spatial_Audio_I/Images/configuring-pro-tools-for-atmos/configuring-pro-tools-for-atmos-exercise-post-04.png	DAPR-3340--Spatial_Audio_I/Images/Configuring_Pro_Tools_for_Atmos/Configuring_Pro_Tools_for_Atmos__Dolby_Atmos_Tab_Bed_and_Object_List.png
DAPR-3340--Spatial_Audio_I/Images/configuring-pro-tools-for-atmos/configuring-pro-tools-for-atmos-exercise-post-05.png	DAPR-3340--Spatial_Audio_I/Images/Configuring_Pro_Tools_for_Atmos/Configuring_Pro_Tools_for_Atmos__Bus_List_of_Atmos_Stems.png
DAPR-3340--Spatial_Audio_I/Images/configuring-pro-tools-for-atmos/configuring-pro-tools-for-atmos-exercise-post-06.png	DAPR-3340--Spatial_Audio_I/Images/Configuring_Pro_Tools_for_Atmos/Configuring_Pro_Tools_for_Atmos__Green_Submix_and_Reverb_Strips.png
DAPR-3340--Spatial_Audio_I/Images/configuring-pro-tools-for-atmos/configuring-pro-tools-for-atmos-exercise-post-07.png	DAPR-3340--Spatial_Audio_I/Images/Configuring_Pro_Tools_for_Atmos/Configuring_Pro_Tools_for_Atmos__Object_Assigned_Post_Mixer_Strips.png
DAPR-3340--Spatial_Audio_I/Images/configuring-pro-tools-for-atmos/configuring-pro-tools-for-atmos-pt-atmos-object-assignment-dropdown-01.png	DAPR-3340--Spatial_Audio_I/Images/Configuring_Pro_Tools_for_Atmos/Configuring_Pro_Tools_for_Atmos__Pt_Atmos_Object_Assignment_Dropdown.png
DAPR-3340--Spatial_Audio_I/Images/configuring-pro-tools-for-atmos/configuring-pro-tools-for-atmos-pt-atmos-object-group-menu-01.png	DAPR-3340--Spatial_Audio_I/Images/Configuring_Pro_Tools_for_Atmos/Configuring_Pro_Tools_for_Atmos__Pt_Atmos_Object_Group_Menu.png
DAPR-3340--Spatial_Audio_I/Images/configuring-pro-tools-for-atmos/configuring-pro-tools-for-atmos-renderer-selector-01.png	DAPR-3340--Spatial_Audio_I/Images/Configuring_Pro_Tools_for_Atmos/Configuring_Pro_Tools_for_Atmos__Renderer_Selector.png
DAPR-3340--Spatial_Audio_I/Images/configuring-pro-tools-for-atmos/configuring-pro-tools-i-slash-o-for-dolby-atmos-mixing-01.png	DAPR-3340--Spatial_Audio_I/Images/Configuring_Pro_Tools_for_Atmos/Configuring_Pro_Tools_for_Atmos__Create_Stereo_Objects_Menu.png
DAPR-3340--Spatial_Audio_I/Images/configuring-pro-tools-for-atmos/configuring-pro-tools-i-slash-o-for-dolby-atmos-mixing-02.png	DAPR-3340--Spatial_Audio_I/Images/Configuring_Pro_Tools_for_Atmos/Configuring_Pro_Tools_for_Atmos__Bed_and_Object_Path_Creation_Dialog.png
DAPR-3340--Spatial_Audio_I/Images/configuring-pro-tools-for-atmos/configuring-pro-tools-i-slash-o-for-dolby-atmos-mixing-03.png	DAPR-3340--Spatial_Audio_I/Images/Configuring_Pro_Tools_for_Atmos/Configuring_Pro_Tools_for_Atmos__Atmos_Tab_With_Object_Paths.png
DAPR-3340--Spatial_Audio_I/Images/configuring-pro-tools-for-atmos/configuring-pro-tools-i-slash-o-for-dolby-atmos-mixing-04.png	DAPR-3340--Spatial_Audio_I/Images/Configuring_Pro_Tools_for_Atmos/Configuring_Pro_Tools_for_Atmos__Default_Format_Path_Order_Menu.png
DAPR-3340--Spatial_Audio_I/Images/configuring-pro-tools-for-atmos/configuring-pro-tools-i-slash-o-for-dolby-atmos-mixing-05.png	DAPR-3340--Spatial_Audio_I/Images/Configuring_Pro_Tools_for_Atmos/Configuring_Pro_Tools_for_Atmos__New_Paths_Dialog_for_Bed_and_Objects.png
DAPR-3340--Spatial_Audio_I/Images/configuring-pro-tools-for-atmos/configuring-pro-tools-i-slash-o-for-dolby-atmos-mixing-06.png	DAPR-3340--Spatial_Audio_I/Images/Configuring_Pro_Tools_for_Atmos/Configuring_Pro_Tools_for_Atmos__Output_Paths_for_Bed_and_Objects.png
DAPR-3340--Spatial_Audio_I/Images/configuring-pro-tools-for-atmos/configuring-pro-tools-i-slash-o-for-dolby-atmos-mixing-07.png	DAPR-3340--Spatial_Audio_I/Images/Configuring_Pro_Tools_for_Atmos/Configuring_Pro_Tools_for_Atmos__Object_Paths_Mapped_to_Outputs.png
DAPR-3340--Spatial_Audio_I/Images/configuring-pro-tools-for-atmos/configuring-pro-tools-i-slash-o-for-dolby-atmos-mixing-08.png	DAPR-3340--Spatial_Audio_I/Images/Configuring_Pro_Tools_for_Atmos/Configuring_Pro_Tools_for_Atmos__Playback_Engine_Focusrite_Selection.png
DAPR-3340--Spatial_Audio_I/Images/configuring-pro-tools-for-atmos/configuring-pro-tools-i-slash-o-for-dolby-atmos-mixing-09.png	DAPR-3340--Spatial_Audio_I/Images/Configuring_Pro_Tools_for_Atmos/Configuring_Pro_Tools_for_Atmos__Aux_Device_List_Window.png
DAPR-3340--Spatial_Audio_I/Images/configuring-pro-tools-for-atmos/configuring-pro-tools-i-slash-o-for-dolby-atmos-mixing-10.png	DAPR-3340--Spatial_Audio_I/Images/Configuring_Pro_Tools_for_Atmos/Configuring_Pro_Tools_for_Atmos__Audio_Device_List_With_Bridge_Checked.png
DAPR-3340--Spatial_Audio_I/Images/configuring-pro-tools-for-atmos/configuring-pro-tools-i-slash-o-for-dolby-atmos-mixing-11.png	DAPR-3340--Spatial_Audio_I/Images/Configuring_Pro_Tools_for_Atmos/Configuring_Pro_Tools_for_Atmos__Output_Tab_Channel_Grid_Assignments.png
DAPR-3340--Spatial_Audio_I/Images/configuring-pro-tools-for-atmos/configuring-the-dolby-atmos-renderers-input-configuration-01.png	DAPR-3340--Spatial_Audio_I/Images/Configuring_Pro_Tools_for_Atmos/Configuring_Pro_Tools_for_Atmos__Bed_Channels_and_Object_Rows.png
DAPR-3340--Spatial_Audio_I/Images/configuring-pro-tools-for-atmos/configuring-the-dolby-atmos-renderers-input-configuration-02.png	DAPR-3340--Spatial_Audio_I/Images/Configuring_Pro_Tools_for_Atmos/Configuring_Pro_Tools_for_Atmos__Renaming_an_Object_Input_Row.png
DAPR-3340--Spatial_Audio_I/Images/configuring-pro-tools-for-atmos/configuring-the-dolby-atmos-renderers-input-configuration-03.gif	DAPR-3340--Spatial_Audio_I/Images/Configuring_Pro_Tools_for_Atmos/Configuring_Pro_Tools_for_Atmos__Configuring_the_Dolby_Atmos_Renderers_Input_Configuration.gif
DAPR-3340--Spatial_Audio_I/Images/configuring-pro-tools-for-atmos/configuring-the-dolby-atmos-renderers-input-configuration-04.png	DAPR-3340--Spatial_Audio_I/Images/Configuring_Pro_Tools_for_Atmos/Configuring_Pro_Tools_for_Atmos__Close_Up_of_Groups_Button.png
DAPR-3340--Spatial_Audio_I/Images/configuring-pro-tools-for-atmos/configuring-the-dolby-atmos-renderers-input-configuration-05.png	DAPR-3340--Spatial_Audio_I/Images/Configuring_Pro_Tools_for_Atmos/Configuring_Pro_Tools_for_Atmos__Typing_a_New_Group_Name.png
DAPR-3340--Spatial_Audio_I/Images/configuring-pro-tools-for-atmos/configuring-the-dolby-atmos-renderers-input-configuration-06.png	DAPR-3340--Spatial_Audio_I/Images/Configuring_Pro_Tools_for_Atmos/Configuring_Pro_Tools_for_Atmos__Object_Group_Assignment_Dropdown.png
DAPR-3340--Spatial_Audio_I/Images/configuring-pro-tools-for-atmos/routing-tracks-to-beds-01.png	DAPR-3340--Spatial_Audio_I/Images/Configuring_Pro_Tools_for_Atmos/Configuring_Pro_Tools_for_Atmos__Output_Menu_Listing_Bed_Formats.png
DAPR-3340--Spatial_Audio_I/Images/configuring-pro-tools-for-atmos/routing-tracks-to-beds-02.png	DAPR-3340--Spatial_Audio_I/Images/Configuring_Pro_Tools_for_Atmos/Configuring_Pro_Tools_for_Atmos__Track_Output_Assigned_to_Bed_Bus.png
DAPR-3340--Spatial_Audio_I/Images/configuring-pro-tools-for-atmos/routing-tracks-to-objects-01.png	DAPR-3340--Spatial_Audio_I/Images/Configuring_Pro_Tools_for_Atmos/Configuring_Pro_Tools_for_Atmos__Track_Output_Selector_Showing_Object.png
DAPR-3340--Spatial_Audio_I/Images/configuring-pro-tools-for-atmos/routing-tracks-to-objects-02.png	DAPR-3340--Spatial_Audio_I/Images/Configuring_Pro_Tools_for_Atmos/Configuring_Pro_Tools_for_Atmos__Object_Output_Selection_Menu.png
DAPR-3340--Spatial_Audio_I/Images/configuring-pro-tools-for-atmos/routing-tracks-to-objects-03.png	DAPR-3340--Spatial_Audio_I/Images/Configuring_Pro_Tools_for_Atmos/Configuring_Pro_Tools_for_Atmos__Narrow_Strip_With_Object_Output.png
DAPR-3340--Spatial_Audio_I/Images/configuring-pro-tools-for-atmos/routing-tracks-to-objects-04.png	DAPR-3340--Spatial_Audio_I/Images/Configuring_Pro_Tools_for_Atmos/Configuring_Pro_Tools_for_Atmos__Annotated_Object_Panel_Controls.png
DAPR-3340--Spatial_Audio_I/Images/configuring-pro-tools-for-atmos/routing-tracks-to-objects-05.png	DAPR-3340--Spatial_Audio_I/Images/Configuring_Pro_Tools_for_Atmos/Configuring_Pro_Tools_for_Atmos__Green_Triangle_Output_Button.png
DAPR-3340--Spatial_Audio_I/Images/configuring-pro-tools-for-atmos/routing-tracks-to-objects-06.png	DAPR-3340--Spatial_Audio_I/Images/Configuring_Pro_Tools_for_Atmos/Configuring_Pro_Tools_for_Atmos__Red_Record_Enable_Button_Icon.png
DAPR-3340--Spatial_Audio_I/Images/configuring-pro-tools-for-atmos/routing-tracks-to-objects-07.png	DAPR-3340--Spatial_Audio_I/Images/Configuring_Pro_Tools_for_Atmos/Configuring_Pro_Tools_for_Atmos__Tiny_Right_Arrow_Button_Icon.png
DAPR-3340--Spatial_Audio_I/Images/course-orientation/syllabus-3-01.jpg	DAPR-3340--Spatial_Audio_I/Images/Course_Orientation/Course_Orientation__Campus_Waterfall_Behind_Concrete_Beams.jpg
DAPR-3340--Spatial_Audio_I/Images/dolby-atmos-deliverables/binaural-settings-01.png	DAPR-3340--Spatial_Audio_I/Images/Dolby_Atmos_Deliverables/Dolby_Atmos_Deliverables__Binaural_Settings.png
DAPR-3340--Spatial_Audio_I/Images/dolby-atmos-deliverables/creating-re-renders-01.png	DAPR-3340--Spatial_Audio_I/Images/Dolby_Atmos_Deliverables/Dolby_Atmos_Deliverables__Rerender_Window_With_Live_Layouts.png
DAPR-3340--Spatial_Audio_I/Images/dolby-atmos-deliverables/creating-re-renders-02.png	DAPR-3340--Spatial_Audio_I/Images/Dolby_Atmos_Deliverables/Dolby_Atmos_Deliverables__Re_Render_Layout_Dropdown_Menu.png
DAPR-3340--Spatial_Audio_I/Images/dolby-atmos-deliverables/creating-re-renders-03.png	DAPR-3340--Spatial_Audio_I/Images/Dolby_Atmos_Deliverables/Dolby_Atmos_Deliverables__Re_Render_Properties_Dialog.png
DAPR-3340--Spatial_Audio_I/Images/dolby-atmos-deliverables/dolby-atmos-deliverables-audio-vivid-renderer-select-01.png	DAPR-3340--Spatial_Audio_I/Images/Dolby_Atmos_Deliverables/Dolby_Atmos_Deliverables__Audio_Vivid_Renderer_Select.png
DAPR-3340--Spatial_Audio_I/Images/dolby-atmos-deliverables/dolby-atmos-deliverables-bounce-mix-adm-bwf-01.png	DAPR-3340--Spatial_Audio_I/Images/Dolby_Atmos_Deliverables/Dolby_Atmos_Deliverables__Bounce_Mix_ADM_Bwf.png
DAPR-3340--Spatial_Audio_I/Images/dolby-atmos-deliverables/dolby-atmos-deliverables-deliverable-tree-01.png	DAPR-3340--Spatial_Audio_I/Images/Dolby_Atmos_Deliverables/Dolby_Atmos_Deliverables__Deliverable_Tree.png
DAPR-3340--Spatial_Audio_I/Images/dolby-atmos-deliverables/dolby-atmos-deliverables-mpeg-h-renderer-bed-assign-01.png	DAPR-3340--Spatial_Audio_I/Images/Dolby_Atmos_Deliverables/Dolby_Atmos_Deliverables__Mpeg_H_Renderer_Bed_Assign.png
DAPR-3340--Spatial_Audio_I/Images/dolby-atmos-deliverables/dolby-atmos-deliverables-walkmix-360ra-headphone-view-01.png	DAPR-3340--Spatial_Audio_I/Images/Dolby_Atmos_Deliverables/Dolby_Atmos_Deliverables__Walkmix_360ra_Headphone_View.png
DAPR-3340--Spatial_Audio_I/Images/dolby-atmos-deliverables/dolby-atmos-deliverables-walkmix-360ra-speaker-view-01.png	DAPR-3340--Spatial_Audio_I/Images/Dolby_Atmos_Deliverables/Dolby_Atmos_Deliverables__Walkmix_360ra_Speaker_View.png
DAPR-3340--Spatial_Audio_I/Images/dolby-atmos-deliverables/exporting-deliverables-01.png	DAPR-3340--Spatial_Audio_I/Images/Dolby_Atmos_Deliverables/Dolby_Atmos_Deliverables__Export_Master_to_ADM_Dialog.png
DAPR-3340--Spatial_Audio_I/Images/dolby-atmos-deliverables/exporting-deliverables-02.png	DAPR-3340--Spatial_Audio_I/Images/Dolby_Atmos_Deliverables/Dolby_Atmos_Deliverables__Export_Master_to_IMF_IAB_Dialog.png
DAPR-3340--Spatial_Audio_I/Images/dolby-atmos-deliverables/exporting-deliverables-03.png	DAPR-3340--Spatial_Audio_I/Images/Dolby_Atmos_Deliverables/Dolby_Atmos_Deliverables__Export_Master_to_MP_Four_Dialog.png
DAPR-3340--Spatial_Audio_I/Images/dolby-atmos-deliverables/exporting-deliverables-04.png	DAPR-3340--Spatial_Audio_I/Images/Dolby_Atmos_Deliverables/Dolby_Atmos_Deliverables__Export_Re_Renders_Dialog.png
DAPR-3340--Spatial_Audio_I/Images/dolby-atmos-deliverables/loudness-analysis-01.png	DAPR-3340--Spatial_Audio_I/Images/Dolby_Atmos_Deliverables/Dolby_Atmos_Deliverables__Loudness_Analysis_Window_Before_Measuring.png
DAPR-3340--Spatial_Audio_I/Images/dolby-atmos-deliverables/loudness-analysis-02.png	DAPR-3340--Spatial_Audio_I/Images/Dolby_Atmos_Deliverables/Dolby_Atmos_Deliverables__Loudness_Analysis_Results_Window.png
DAPR-3340--Spatial_Audio_I/Images/dolby-atmos-deliverables/recording-a-dolby-atmos-master-01.png	DAPR-3340--Spatial_Audio_I/Images/Dolby_Atmos_Deliverables/Dolby_Atmos_Deliverables__Recording_a_Dolby_Atmos_Master.png
DAPR-3340--Spatial_Audio_I/Images/dolby-atmos-deliverables/unlocking-and-modifying-a-master-01.png	DAPR-3340--Spatial_Audio_I/Images/Dolby_Atmos_Deliverables/Dolby_Atmos_Deliverables__Unlock_Master_File_Button.png
DAPR-3340--Spatial_Audio_I/Images/dolby-atmos-deliverables/unlocking-and-modifying-a-master-02.png	DAPR-3340--Spatial_Audio_I/Images/Dolby_Atmos_Deliverables/Dolby_Atmos_Deliverables__Record_In_and_Out_Toggle.png
DAPR-3340--Spatial_Audio_I/Images/dolby-atmos-renderer/dolby-atmos-renderer-dolby-atomos-01.png	DAPR-3340--Spatial_Audio_I/Images/Dolby_Atmos_Renderer/Dolby_Atmos_Renderer__Dolby_Atomos.png
DAPR-3340--Spatial_Audio_I/Images/dolby-atmos-renderer/dolby-atmos-renderer-input-configuration-groups-01.png	DAPR-3340--Spatial_Audio_I/Images/Dolby_Atmos_Renderer/Dolby_Atmos_Renderer__Input_Configuration_Groups.png
DAPR-3340--Spatial_Audio_I/Images/dolby-atmos-renderer/dolby-atmos-renderer-interface-overview-01.png	DAPR-3340--Spatial_Audio_I/Images/Dolby_Atmos_Renderer/Dolby_Atmos_Renderer__Renderer_Window_With_Meters_and_Room.png
DAPR-3340--Spatial_Audio_I/Images/dolby-atmos-renderer/dolby-atmos-renderer-interface-overview-02.png	DAPR-3340--Spatial_Audio_I/Images/Dolby_Atmos_Renderer/Dolby_Atmos_Renderer__Monitoring_Selector_Set_to_Physical.png
DAPR-3340--Spatial_Audio_I/Images/dolby-atmos-renderer/dolby-atmos-renderer-interface-overview-03.png	DAPR-3340--Spatial_Audio_I/Images/Dolby_Atmos_Renderer/Dolby_Atmos_Renderer__Source_Input_and_Master_Toggle.png
DAPR-3340--Spatial_Audio_I/Images/dolby-atmos-renderer/dolby-atmos-renderer-interface-overview-04.png	DAPR-3340--Spatial_Audio_I/Images/Dolby_Atmos_Renderer/Dolby_Atmos_Renderer__Timecode_Counter_and_Transport_Buttons.png
DAPR-3340--Spatial_Audio_I/Images/dolby-atmos-renderer/dolby-atmos-renderer-interface-overview-05.png	DAPR-3340--Spatial_Audio_I/Images/Dolby_Atmos_Renderer/Dolby_Atmos_Renderer__Record_In_and_Out_Toggle_Close_Up.png
DAPR-3340--Spatial_Audio_I/Images/dolby-atmos-renderer/dolby-atmos-renderer-interface-overview-06.png	DAPR-3340--Spatial_Audio_I/Images/Dolby_Atmos_Renderer/Dolby_Atmos_Renderer__Output_Gain_With_DIM_and_MUTE.png
DAPR-3340--Spatial_Audio_I/Images/dolby-atmos-renderer/dolby-atmos-renderer-interface-overview-07.png	DAPR-3340--Spatial_Audio_I/Images/Dolby_Atmos_Renderer/Dolby_Atmos_Renderer__Master_File_Timecode_Header_Bar.png
DAPR-3340--Spatial_Audio_I/Images/dolby-atmos-renderer/dolby-atmos-renderer-interface-overview-08.png	DAPR-3340--Spatial_Audio_I/Images/Dolby_Atmos_Renderer/Dolby_Atmos_Renderer__Master_File_FFOA_Dialog.png
DAPR-3340--Spatial_Audio_I/Images/dolby-atmos-renderer/dolby-atmos-renderer-interface-overview-09.png	DAPR-3340--Spatial_Audio_I/Images/Dolby_Atmos_Renderer/Dolby_Atmos_Renderer__Input_Channel_Status_Grid.png
DAPR-3340--Spatial_Audio_I/Images/dolby-atmos-renderer/dolby-atmos-renderer-interface-overview-10.png	DAPR-3340--Spatial_Audio_I/Images/Dolby_Atmos_Renderer/Dolby_Atmos_Renderer__Row_of_Input_Status_Indicator_Circles.png
DAPR-3340--Spatial_Audio_I/Images/dolby-atmos-renderer/dolby-atmos-renderer-interface-overview-11.png	DAPR-3340--Spatial_Audio_I/Images/Dolby_Atmos_Renderer/Dolby_Atmos_Renderer__Numbered_Input_Indicator_Circles.png
DAPR-3340--Spatial_Audio_I/Images/dolby-atmos-renderer/dolby-atmos-renderer-interface-overview-12.png	DAPR-3340--Spatial_Audio_I/Images/Dolby_Atmos_Renderer/Dolby_Atmos_Renderer__Input_Signal_Indicator_Lights.png
DAPR-3340--Spatial_Audio_I/Images/dolby-atmos-renderer/dolby-atmos-renderer-interface-overview-13.png	DAPR-3340--Spatial_Audio_I/Images/Dolby_Atmos_Renderer/Dolby_Atmos_Renderer__Bed_Channel_Meter_Bank.png
DAPR-3340--Spatial_Audio_I/Images/dolby-atmos-renderer/dolby-atmos-renderer-interface-overview-14.png	DAPR-3340--Spatial_Audio_I/Images/Dolby_Atmos_Renderer/Dolby_Atmos_Renderer__Channel_Level_Meters_for_Bed_Speakers.png
DAPR-3340--Spatial_Audio_I/Images/dolby-atmos-renderer/dolby-atmos-renderer-interface-overview-15.png	DAPR-3340--Spatial_Audio_I/Images/Dolby_Atmos_Renderer/Dolby_Atmos_Renderer__Vertical_Limiter_Meter_Pair.png
DAPR-3340--Spatial_Audio_I/Images/dolby-atmos-renderer/dolby-atmos-renderer-interface-overview-16.png	DAPR-3340--Spatial_Audio_I/Images/Dolby_Atmos_Renderer/Dolby_Atmos_Renderer__Binaural_and_Limiter_Meters.png
DAPR-3340--Spatial_Audio_I/Images/dolby-atmos-renderer/dolby-atmos-renderer-interface-overview-17.png	DAPR-3340--Spatial_Audio_I/Images/Dolby_Atmos_Renderer/Dolby_Atmos_Renderer__Binaural_Output_Meter_Close_Up.png
DAPR-3340--Spatial_Audio_I/Images/dolby-atmos-renderer/dolby-atmos-renderer-interface-overview-18.png	DAPR-3340--Spatial_Audio_I/Images/Dolby_Atmos_Renderer/Dolby_Atmos_Renderer__Speaker_Layout_Map_With_Flagged_Speaker.png
DAPR-3340--Spatial_Audio_I/Images/dolby-atmos-renderer/dolby-atmos-renderer-interface-overview-19.png	DAPR-3340--Spatial_Audio_I/Images/Dolby_Atmos_Renderer/Dolby_Atmos_Renderer__Room_View_With_Object_Spheres.png
DAPR-3340--Spatial_Audio_I/Images/dolby-atmos-renderer/dolby-atmos-renderer-interface-overview-20.png	DAPR-3340--Spatial_Audio_I/Images/Dolby_Atmos_Renderer/Dolby_Atmos_Renderer__Room_View_With_Object_Trajectory.png
DAPR-3340--Spatial_Audio_I/Images/dolby-atmos-renderer/dolby-atmos-renderer-interface-overview-21.png	DAPR-3340--Spatial_Audio_I/Images/Dolby_Atmos_Renderer/Dolby_Atmos_Renderer__Three_Dimensional_Room_View_With_Objects.png
DAPR-3340--Spatial_Audio_I/Images/dolby-atmos-renderer/dolby-atmos-renderer-interface-overview-22.png	DAPR-3340--Spatial_Audio_I/Images/Dolby_Atmos_Renderer/Dolby_Atmos_Renderer__Room_View_With_Single_Object_Sphere.png
DAPR-3340--Spatial_Audio_I/Images/dolby-atmos-renderer/dolby-atmos-renderer-interface-overview-23.png	DAPR-3340--Spatial_Audio_I/Images/Dolby_Atmos_Renderer/Dolby_Atmos_Renderer__View_and_Show_Options_Menu.png
DAPR-3340--Spatial_Audio_I/Images/dolby-atmos-renderer/dolby-atmos-renderer-interface-overview-24.png	DAPR-3340--Spatial_Audio_I/Images/Dolby_Atmos_Renderer/Dolby_Atmos_Renderer__Room_View_With_Listener_Silhouette.png
DAPR-3340--Spatial_Audio_I/Images/dolby-atmos-renderer/dolby-atmos-renderer-interface-overview-25.png	DAPR-3340--Spatial_Audio_I/Images/Dolby_Atmos_Renderer/Dolby_Atmos_Renderer__Front_View_of_Object_Position_Dots.png
DAPR-3340--Spatial_Audio_I/Images/dolby-atmos-renderer/dolby-atmos-renderer-interface-overview-26.png	DAPR-3340--Spatial_Audio_I/Images/Dolby_Atmos_Renderer/Dolby_Atmos_Renderer__Room_View_of_Many_Object_Spheres.png
DAPR-3340--Spatial_Audio_I/Images/dolby-atmos-renderer/dolby-atmos-renderer-main-window-room-view-01.png	DAPR-3340--Spatial_Audio_I/Images/Dolby_Atmos_Renderer/Dolby_Atmos_Renderer__Main_Window_Room_View.png
DAPR-3340--Spatial_Audio_I/Images/dolby-atmos-renderer/dolby-atmos-renderer-person-view-01.png	DAPR-3340--Spatial_Audio_I/Images/Dolby_Atmos_Renderer/Dolby_Atmos_Renderer__Person_View.png
DAPR-3340--Spatial_Audio_I/Images/dolby-atmos-renderer/dolby-atmos-renderer-renderer-system-topology-01.png	DAPR-3340--Spatial_Audio_I/Images/Dolby_Atmos_Renderer/Dolby_Atmos_Renderer__Renderer_System_Topology.png
DAPR-3340--Spatial_Audio_I/Images/dolby-atmos-renderer/dolby-atmos-renderer-theater-view-01.png	DAPR-3340--Spatial_Audio_I/Images/Dolby_Atmos_Renderer/Dolby_Atmos_Renderer__Theater_View.png
DAPR-3340--Spatial_Audio_I/Images/dolby-atmos-renderer/dolby-atmos-renderer-trim-and-downmix-session-data-01.png	DAPR-3340--Spatial_Audio_I/Images/Dolby_Atmos_Renderer/Dolby_Atmos_Renderer__Trim_and_Downmix_Session_Data.png
DAPR-3340--Spatial_Audio_I/Images/dolby-atmos-renderer/headphone-only-mode-01.png	DAPR-3340--Spatial_Audio_I/Images/Dolby_Atmos_Renderer/Dolby_Atmos_Renderer__Headphone_Only_Mode.png
DAPR-3340--Spatial_Audio_I/Images/dolby-atmos-renderer/room-setup-01.png	DAPR-3340--Spatial_Audio_I/Images/Dolby_Atmos_Renderer/Dolby_Atmos_Renderer__Speaker_Layout_Map_in_Room_Setup.png
DAPR-3340--Spatial_Audio_I/Images/dolby-atmos-renderer/room-setup-02.png	DAPR-3340--Spatial_Audio_I/Images/Dolby_Atmos_Renderer/Dolby_Atmos_Renderer__Speaker_Routing_Position_Map.png
DAPR-3340--Spatial_Audio_I/Images/dolby-atmos-renderer/room-setup-03.png	DAPR-3340--Spatial_Audio_I/Images/Dolby_Atmos_Renderer/Dolby_Atmos_Renderer__Room_Setup_Monitoring_Speaker_Layout.png
DAPR-3340--Spatial_Audio_I/Images/dolby-atmos-renderer/room-setup-04.png	DAPR-3340--Spatial_Audio_I/Images/Dolby_Atmos_Renderer/Dolby_Atmos_Renderer__Add_Layout_Button_and_Layout_List.png
DAPR-3340--Spatial_Audio_I/Images/dolby-atmos-renderer/speaker-calibration-and-room-eq-for-monitoring-01.png	DAPR-3340--Spatial_Audio_I/Images/Dolby_Atmos_Renderer/Dolby_Atmos_Renderer__Speaker_EQ_Calibration_Window.png
DAPR-3340--Spatial_Audio_I/Images/dolby-atmos-renderer/speaker-calibration-and-room-eq-for-monitoring-02.png	DAPR-3340--Spatial_Audio_I/Images/Dolby_Atmos_Renderer/Dolby_Atmos_Renderer__Signal_Generator_Source_Menu.png
DAPR-3340--Spatial_Audio_I/Images/dolby-atmos-renderer/speaker-calibration-and-room-eq-for-monitoring-03.png	DAPR-3340--Spatial_Audio_I/Images/Dolby_Atmos_Renderer/Dolby_Atmos_Renderer__Signal_Generator_Pink_Noise_Control.png
DAPR-3340--Spatial_Audio_I/Images/dolby-atmos-renderer/speaker-calibration-and-room-eq-for-monitoring-04.png	DAPR-3340--Spatial_Audio_I/Images/Dolby_Atmos_Renderer/Dolby_Atmos_Renderer__Pink_Noise_Rotate_Mode_Menu.png
DAPR-3340--Spatial_Audio_I/Images/dolby-atmos-renderer/speaker-calibration-and-room-eq-for-monitoring-05.png	DAPR-3340--Spatial_Audio_I/Images/Dolby_Atmos_Renderer/Dolby_Atmos_Renderer__Editing_Speaker_Gain_Value.png
DAPR-3340--Spatial_Audio_I/Images/dolby-atmos-renderer/speaker-calibration-and-room-eq-for-monitoring-06.png	DAPR-3340--Spatial_Audio_I/Images/Dolby_Atmos_Renderer/Dolby_Atmos_Renderer__Room_EQ_Curve_and_Sliders.png
DAPR-3340--Spatial_Audio_I/Images/dolby-atmos-renderer/speaker-calibration-and-room-eq-for-monitoring-07.png	DAPR-3340--Spatial_Audio_I/Images/Dolby_Atmos_Renderer/Dolby_Atmos_Renderer__Speaker_and_Headphone_Delay_Field.png
DAPR-3340--Spatial_Audio_I/Images/dolby-atmos-renderer/speaker-calibration-and-room-eq-for-monitoring-08.png	DAPR-3340--Spatial_Audio_I/Images/Dolby_Atmos_Renderer/Dolby_Atmos_Renderer__Speaker_Delay_Tab_of_Room_Setup.png
DAPR-3340--Spatial_Audio_I/Images/final-project-and-final-exam/final-project-and-final-exam-course-concept-map-01.png	DAPR-3340--Spatial_Audio_I/Images/Final_Project_and_Final_Exam/Final_Project_and_Final_Exam__Course_Concept_Map.png
DAPR-3340--Spatial_Audio_I/Images/final-project-and-final-exam/final-project-and-final-exam-final-exam-coverage-map-01.png	DAPR-3340--Spatial_Audio_I/Images/Final_Project_and_Final_Exam/Final_Project_and_Final_Exam__Final_Exam_Coverage_Map.png
DAPR-3340--Spatial_Audio_I/Images/introduction-to-surround-and-multichannel-audio/introduction-to-surround-and-multichannel-audio-analog-digital-delivery-evolution-41.png	DAPR-3340--Spatial_Audio_I/Images/Introduction_to_Surround/Introduction_to_Surround__Analog_Digital_Delivery_Evolution.png
DAPR-3340--Spatial_Audio_I/Images/introduction-to-surround-and-multichannel-audio/introduction-to-surround-and-multichannel-audio-atmos-monitoring-reference-levels-51.png	DAPR-3340--Spatial_Audio_I/Images/Introduction_to_Surround/Introduction_to_Surround__Atmos_Monitoring_Reference_Levels.png
DAPR-3340--Spatial_Audio_I/Images/introduction-to-surround-and-multichannel-audio/introduction-to-surround-and-multichannel-audio-blu-ray-disc-22.png	DAPR-3340--Spatial_Audio_I/Images/Introduction_to_Surround/Introduction_to_Surround__Blu_Ray_Disc.png
DAPR-3340--Spatial_Audio_I/Images/introduction-to-surround-and-multichannel-audio/introduction-to-surround-and-multichannel-audio-compact-disc-16.png	DAPR-3340--Spatial_Audio_I/Images/Introduction_to_Surround/Introduction_to_Surround__Compact_Disc.png
DAPR-3340--Spatial_Audio_I/Images/introduction-to-surround-and-multichannel-audio/introduction-to-surround-and-multichannel-audio-dangerous-monitor-stsr-54.png	DAPR-3340--Spatial_Audio_I/Images/Introduction_to_Surround/Introduction_to_Surround__Dangerous_Monitor_Stsr.png
DAPR-3340--Spatial_Audio_I/Images/introduction-to-surround-and-multichannel-audio/introduction-to-surround-and-multichannel-audio-delivered-vs-receiver-processing-40.png	DAPR-3340--Spatial_Audio_I/Images/Introduction_to_Surround/Introduction_to_Surround__Delivered_vs_Receiver_Processing.png
DAPR-3340--Spatial_Audio_I/Images/introduction-to-surround-and-multichannel-audio/introduction-to-surround-and-multichannel-audio-dolby-pro-logic-04.png	DAPR-3340--Spatial_Audio_I/Images/Introduction_to_Surround/Introduction_to_Surround__Dolby_Pro_Logic.png
DAPR-3340--Spatial_Audio_I/Images/introduction-to-surround-and-multichannel-audio/introduction-to-surround-and-multichannel-audio-dolby-pro-logic-history-overview-44.png	DAPR-3340--Spatial_Audio_I/Images/Introduction_to_Surround/Introduction_to_Surround__Dolby_Pro_Logic_History_Overview.png
DAPR-3340--Spatial_Audio_I/Images/introduction-to-surround-and-multichannel-audio/introduction-to-surround-and-multichannel-audio-dolby-pro-logic-history-timeline-39.png	DAPR-3340--Spatial_Audio_I/Images/Introduction_to_Surround/Introduction_to_Surround__Dolby_Pro_Logic_History_Timeline.png
DAPR-3340--Spatial_Audio_I/Images/introduction-to-surround-and-multichannel-audio/introduction-to-surround-and-multichannel-audio-dolby-pro-logic-i-ix-06.png	DAPR-3340--Spatial_Audio_I/Images/Introduction_to_Surround/Introduction_to_Surround__Dolby_Pro_Logic_I_Ix.png
DAPR-3340--Spatial_Audio_I/Images/introduction-to-surround-and-multichannel-audio/introduction-to-surround-and-multichannel-audio-dolby-pro-logic-i-iz-07.png	DAPR-3340--Spatial_Audio_I/Images/Introduction_to_Surround/Introduction_to_Surround__Dolby_Pro_Logic_I_Iz.png
DAPR-3340--Spatial_Audio_I/Images/introduction-to-surround-and-multichannel-audio/introduction-to-surround-and-multichannel-audio-dolby-pro-logic-ii-05.png	DAPR-3340--Spatial_Audio_I/Images/Introduction_to_Surround/Introduction_to_Surround__Dolby_Pro_Logic_Ii.png
DAPR-3340--Spatial_Audio_I/Images/introduction-to-surround-and-multichannel-audio/introduction-to-surround-and-multichannel-audio-dolby-surround-03.png	DAPR-3340--Spatial_Audio_I/Images/Introduction_to_Surround/Introduction_to_Surround__Dolby_Surround.png
DAPR-3340--Spatial_Audio_I/Images/introduction-to-surround-and-multichannel-audio/introduction-to-surround-and-multichannel-audio-dts-08.png	DAPR-3340--Spatial_Audio_I/Images/Introduction_to_Surround/Introduction_to_Surround__Dts.png
DAPR-3340--Spatial_Audio_I/Images/introduction-to-surround-and-multichannel-audio/introduction-to-surround-and-multichannel-audio-dts-9624-13.png	DAPR-3340--Spatial_Audio_I/Images/Introduction_to_Surround/Introduction_to_Surround__Dts_9624.png
DAPR-3340--Spatial_Audio_I/Images/introduction-to-surround-and-multichannel-audio/introduction-to-surround-and-multichannel-audio-dts-digital-surround-09.png	DAPR-3340--Spatial_Audio_I/Images/Introduction_to_Surround/Introduction_to_Surround__Dts_Digital_Surround.png
DAPR-3340--Spatial_Audio_I/Images/introduction-to-surround-and-multichannel-audio/introduction-to-surround-and-multichannel-audio-dts-neo-6-11.png	DAPR-3340--Spatial_Audio_I/Images/Introduction_to_Surround/Introduction_to_Surround__Dts_Neo_6.png
DAPR-3340--Spatial_Audio_I/Images/introduction-to-surround-and-multichannel-audio/introduction-to-surround-and-multichannel-audio-dts-neo-x-12.png	DAPR-3340--Spatial_Audio_I/Images/Introduction_to_Surround/Introduction_to_Surround__Dts_Neo_X.png
DAPR-3340--Spatial_Audio_I/Images/introduction-to-surround-and-multichannel-audio/introduction-to-surround-and-multichannel-audio-dtses-10.png	DAPR-3340--Spatial_Audio_I/Images/Introduction_to_Surround/Introduction_to_Surround__Dtses.png
DAPR-3340--Spatial_Audio_I/Images/introduction-to-surround-and-multichannel-audio/introduction-to-surround-and-multichannel-audio-dtshd-high-resolution-14.png	DAPR-3340--Spatial_Audio_I/Images/Introduction_to_Surround/Introduction_to_Surround__Dtshd_High_Resolution.png
DAPR-3340--Spatial_Audio_I/Images/introduction-to-surround-and-multichannel-audio/introduction-to-surround-and-multichannel-audio-dtshd-master-audio-15.png	DAPR-3340--Spatial_Audio_I/Images/Introduction_to_Surround/Introduction_to_Surround__Dtshd_Master_Audio.png
DAPR-3340--Spatial_Audio_I/Images/introduction-to-surround-and-multichannel-audio/introduction-to-surround-and-multichannel-audio-dvd-audio-20.png	DAPR-3340--Spatial_Audio_I/Images/Introduction_to_Surround/Introduction_to_Surround__Dvd_Audio.png
DAPR-3340--Spatial_Audio_I/Images/introduction-to-surround-and-multichannel-audio/introduction-to-surround-and-multichannel-audio-dvd-video-19.png	DAPR-3340--Spatial_Audio_I/Images/Introduction_to_Surround/Introduction_to_Surround__Dvd_Video.png
DAPR-3340--Spatial_Audio_I/Images/introduction-to-surround-and-multichannel-audio/introduction-to-surround-and-multichannel-audio-five-point-one-to-seven-point-one-extension-29.png	DAPR-3340--Spatial_Audio_I/Images/Introduction_to_Surround/Introduction_to_Surround__Five_Point_One_to_Seven_Point_One_Extension.png
DAPR-3340--Spatial_Audio_I/Images/introduction-to-surround-and-multichannel-audio/introduction-to-surround-and-multichannel-audio-grouped-monitor-control-47.png	DAPR-3340--Spatial_Audio_I/Images/Introduction_to_Surround/Introduction_to_Surround__Grouped_Monitor_Control.png
DAPR-3340--Spatial_Audio_I/Images/introduction-to-surround-and-multichannel-audio/introduction-to-surround-and-multichannel-audio-hddvd-21.png	DAPR-3340--Spatial_Audio_I/Images/Introduction_to_Surround/Introduction_to_Surround__Hddvd.png
DAPR-3340--Spatial_Audio_I/Images/introduction-to-surround-and-multichannel-audio/introduction-to-surround-and-multichannel-audio-itu-51-speaker-layout-23.png	DAPR-3340--Spatial_Audio_I/Images/Introduction_to_Surround/Introduction_to_Surround__Itu_51_Speaker_Layout.png
DAPR-3340--Spatial_Audio_I/Images/introduction-to-surround-and-multichannel-audio/introduction-to-surround-and-multichannel-audio-itu-71-speaker-layout-24.png	DAPR-3340--Spatial_Audio_I/Images/Introduction_to_Surround/Introduction_to_Surround__Itu_71_Speaker_Layout.png
DAPR-3340--Spatial_Audio_I/Images/introduction-to-surround-and-multichannel-audio/introduction-to-surround-and-multichannel-audio-laser-disc-17.png	DAPR-3340--Spatial_Audio_I/Images/Introduction_to_Surround/Introduction_to_Surround__Laser_Disc.png
DAPR-3340--Spatial_Audio_I/Images/introduction-to-surround-and-multichannel-audio/introduction-to-surround-and-multichannel-audio-legacy-dolby-hardware-milestones-43.png	DAPR-3340--Spatial_Audio_I/Images/Introduction_to_Surround/Introduction_to_Surround__Legacy_Dolby_Hardware_Milestones.png
DAPR-3340--Spatial_Audio_I/Images/introduction-to-surround-and-multichannel-audio/introduction-to-surround-and-multichannel-audio-lfe-vs-bass-management-25.png	DAPR-3340--Spatial_Audio_I/Images/Introduction_to_Surround/Introduction_to_Surround__LFE_vs_Bass_Management.png
DAPR-3340--Spatial_Audio_I/Images/introduction-to-surround-and-multichannel-audio/introduction-to-surround-and-multichannel-audio-matrix-encoder-decoder-42.png	DAPR-3340--Spatial_Audio_I/Images/Introduction_to_Surround/Introduction_to_Surround__Matrix_Encoder_Decoder.png
DAPR-3340--Spatial_Audio_I/Images/introduction-to-surround-and-multichannel-audio/introduction-to-surround-and-multichannel-audio-modern-71-side-rear-layout-28.png	DAPR-3340--Spatial_Audio_I/Images/Introduction_to_Surround/Introduction_to_Surround__Modern_71_Side_Rear_Layout.png
DAPR-3340--Spatial_Audio_I/Images/introduction-to-surround-and-multichannel-audio/introduction-to-surround-and-multichannel-audio-modern-atmos-monitoring-path-50.png	DAPR-3340--Spatial_Audio_I/Images/Introduction_to_Surround/Introduction_to_Surround__Modern_Atmos_Monitoring_Path.png
DAPR-3340--Spatial_Audio_I/Images/introduction-to-surround-and-multichannel-audio/introduction-to-surround-and-multichannel-audio-multichannel-calibration-workflow-48.png	DAPR-3340--Spatial_Audio_I/Images/Introduction_to_Surround/Introduction_to_Surround__Multichannel_Calibration_Workflow.png
DAPR-3340--Spatial_Audio_I/Images/introduction-to-surround-and-multichannel-audio/introduction-to-surround-and-multichannel-audio-multichannel-output-counts-45.png	DAPR-3340--Spatial_Audio_I/Images/Introduction_to_Surround/Introduction_to_Surround__Multichannel_Output_Counts.png
DAPR-3340--Spatial_Audio_I/Images/introduction-to-surround-and-multichannel-audio/introduction-to-surround-and-multichannel-audio-pro-logic-i-ix-vs-i-iz-30.png	DAPR-3340--Spatial_Audio_I/Images/Introduction_to_Surround/Introduction_to_Surround__Pro_Logic_I_Ix_vs_I_Iz.png
DAPR-3340--Spatial_Audio_I/Images/introduction-to-surround-and-multichannel-audio/introduction-to-surround-and-multichannel-audio-quadraphonic-speaker-layout-01.png	DAPR-3340--Spatial_Audio_I/Images/Introduction_to_Surround/Introduction_to_Surround__Quadraphonic_Speaker_Layout.png
DAPR-3340--Spatial_Audio_I/Images/introduction-to-surround-and-multichannel-audio/introduction-to-surround-and-multichannel-audio-red-net-control-grouped-outputs-52.png	DAPR-3340--Spatial_Audio_I/Images/Introduction_to_Surround/Introduction_to_Surround__Red_Net_Control_Grouped_Outputs.png
DAPR-3340--Spatial_Audio_I/Images/introduction-to-surround-and-multichannel-audio/introduction-to-surround-and-multichannel-audio-red-net-control-output-trim-53.png	DAPR-3340--Spatial_Audio_I/Images/Introduction_to_Surround/Introduction_to_Surround__Red_Net_Control_Output_Trim.png
DAPR-3340--Spatial_Audio_I/Images/introduction-to-surround-and-multichannel-audio/introduction-to-surround-and-multichannel-audio-sacd-18.png	DAPR-3340--Spatial_Audio_I/Images/Introduction_to_Surround/Introduction_to_Surround__Sacd.png
DAPR-3340--Spatial_Audio_I/Images/introduction-to-surround-and-multichannel-audio/introduction-to-surround-and-multichannel-audio-sdds-71-five-front-layout-27.png	DAPR-3340--Spatial_Audio_I/Images/Introduction_to_Surround/Introduction_to_Surround__Sdds_71_Five_Front_Layout.png
DAPR-3340--Spatial_Audio_I/Images/introduction-to-surround-and-multichannel-audio/introduction-to-surround-and-multichannel-audio-sdds-educational-badge-36.png	DAPR-3340--Spatial_Audio_I/Images/Introduction_to_Surround/Introduction_to_Surround__Sdds_Educational_Badge.png
DAPR-3340--Spatial_Audio_I/Images/introduction-to-surround-and-multichannel-audio/introduction-to-surround-and-multichannel-audio-seven-point-one-and-height-formats-31.png	DAPR-3340--Spatial_Audio_I/Images/Introduction_to_Surround/Introduction_to_Surround__Seven_Point_One_and_Height_Formats.png
DAPR-3340--Spatial_Audio_I/Images/introduction-to-surround-and-multichannel-audio/introduction-to-surround-and-multichannel-audio-seven-point-one-channel-order-vs-labels-38.png	DAPR-3340--Spatial_Audio_I/Images/Introduction_to_Surround/Introduction_to_Surround__Seven_Point_One_Channel_Order_vs_Labels.png
DAPR-3340--Spatial_Audio_I/Images/introduction-to-surround-and-multichannel-audio/introduction-to-surround-and-multichannel-audio-seven-point-one-families-comparison-35.png	DAPR-3340--Spatial_Audio_I/Images/Introduction_to_Surround/Introduction_to_Surround__Seven_Point_One_Families_Comparison.png
DAPR-3340--Spatial_Audio_I/Images/introduction-to-surround-and-multichannel-audio/introduction-to-surround-and-multichannel-audio-seven-point-one-music-use-34.png	DAPR-3340--Spatial_Audio_I/Images/Introduction_to_Surround/Introduction_to_Surround__Seven_Point_One_Music_Use.png
DAPR-3340--Spatial_Audio_I/Images/introduction-to-surround-and-multichannel-audio/introduction-to-surround-and-multichannel-audio-seven-point-one-naming-crosswalk-26.png	DAPR-3340--Spatial_Audio_I/Images/Introduction_to_Surround/Introduction_to_Surround__Seven_Point_One_Naming_Crosswalk.png
DAPR-3340--Spatial_Audio_I/Images/introduction-to-surround-and-multichannel-audio/introduction-to-surround-and-multichannel-audio-software-vs-hardware-monitor-control-49.png	DAPR-3340--Spatial_Audio_I/Images/Introduction_to_Surround/Introduction_to_Surround__Software_vs_Hardware_Monitor_Control.png
DAPR-3340--Spatial_Audio_I/Images/introduction-to-surround-and-multichannel-audio/introduction-to-surround-and-multichannel-audio-star-wars-dolby-stereo-02.png	DAPR-3340--Spatial_Audio_I/Images/Introduction_to_Surround/Introduction_to_Surround__Star_Wars_Dolby_Stereo.png
DAPR-3340--Spatial_Audio_I/Images/introduction-to-surround-and-multichannel-audio/introduction-to-surround-and-multichannel-audio-stereo-to-immersive-progression-01.png	DAPR-3340--Spatial_Audio_I/Images/Introduction_to_Surround/Introduction_to_Surround__Stereo_to_Immersive_Progression.png
DAPR-3340--Spatial_Audio_I/Images/introduction-to-surround-and-multichannel-audio/introduction-to-surround-and-multichannel-audio-surround-format-timeline-01.png	DAPR-3340--Spatial_Audio_I/Images/Introduction_to_Surround/Introduction_to_Surround__Surround_Format_Timeline.png
DAPR-3340--Spatial_Audio_I/Images/introduction-to-surround-and-multichannel-audio/introduction-to-surround-and-multichannel-audio-surround-monitoring-signal-flow-46.png	DAPR-3340--Spatial_Audio_I/Images/Introduction_to_Surround/Introduction_to_Surround__Surround_Monitoring_Signal_Flow.png
DAPR-3340--Spatial_Audio_I/Images/introduction-to-surround-and-multichannel-audio/introduction-to-surround-and-multichannel-audio-windows-media-audio-9-pro-71-32.png	DAPR-3340--Spatial_Audio_I/Images/Introduction_to_Surround/Introduction_to_Surround__Windows_Media_Audio_9_Pro_71.png
DAPR-3340--Spatial_Audio_I/Images/introduction-to-surround-and-multichannel-audio/introduction-to-surround-and-multichannel-audio-windows-media-audio-9-pro-badge-37.png	DAPR-3340--Spatial_Audio_I/Images/Introduction_to_Surround/Introduction_to_Surround__Windows_Media_Audio_9_Pro_Badge.png
DAPR-3340--Spatial_Audio_I/Images/introduction-to-surround-and-multichannel-audio/introduction-to-surround-and-multichannel-audio-windows-media-vs-windows-spatial-sound-33.png	DAPR-3340--Spatial_Audio_I/Images/Introduction_to_Surround/Introduction_to_Surround__Windows_Media_vs_Windows_Spatial_Sound.png
DAPR-3340--Spatial_Audio_I/Images/introduction-to-surround-and-multichannel-audio/welcome-surround-mixing-and-immersive-audio-01.png	DAPR-3340--Spatial_Audio_I/Images/Introduction_to_Surround/Introduction_to_Surround__Welcome_Surround_Mixing_and_Immersive_Audio.png
DAPR-3340--Spatial_Audio_I/Images/introduction-to-surround-and-multichannel-audio/what-does-5-dot-1-or-7-dot-1-refer-to-01.png	DAPR-3340--Spatial_Audio_I/Images/Introduction_to_Surround/Introduction_to_Surround__Listener_Surrounded_by_Speaker_Circle.png
DAPR-3340--Spatial_Audio_I/Images/introduction-to-surround-and-multichannel-audio/what-does-5-dot-1-or-7-dot-1-refer-to-02.png	DAPR-3340--Spatial_Audio_I/Images/Introduction_to_Surround/Introduction_to_Surround__Overhead_Speaker_Layout_Diagram.png
DAPR-3340--Spatial_Audio_I/Images/mixing-in-dolby-atmos/atmos-panning-in-pro-tools-01.png	DAPR-3340--Spatial_Audio_I/Images/Mixing_in_Dolby_Atmos/Mixing_in_Dolby_Atmos__Two_Object_Panner_Windows_Side_by_Side.png
DAPR-3340--Spatial_Audio_I/Images/mixing-in-dolby-atmos/atmos-panning-in-pro-tools-02.png	DAPR-3340--Spatial_Audio_I/Images/Mixing_in_Dolby_Atmos/Mixing_in_Dolby_Atmos__Panner_Mode_Menu_With_Theater_Chosen.png
DAPR-3340--Spatial_Audio_I/Images/mixing-in-dolby-atmos/atmos-panning-in-pro-tools-03.png	DAPR-3340--Spatial_Audio_I/Images/Mixing_in_Dolby_Atmos/Mixing_in_Dolby_Atmos__Miniature_Panner_Room_Thumbnail.png
DAPR-3340--Spatial_Audio_I/Images/mixing-in-dolby-atmos/atmos-panning-in-pro-tools-04.png	DAPR-3340--Spatial_Audio_I/Images/Mixing_in_Dolby_Atmos/Mixing_in_Dolby_Atmos__Pan_Curve_Shape_Icons.png
DAPR-3340--Spatial_Audio_I/Images/mixing-in-dolby-atmos/atmos-panning-in-pro-tools-05.png	DAPR-3340--Spatial_Audio_I/Images/Mixing_in_Dolby_Atmos/Mixing_in_Dolby_Atmos__Auto_Height_Override_Context_Menu.png
DAPR-3340--Spatial_Audio_I/Images/mixing-in-dolby-atmos/atmos-panning-in-pro-tools-06.png	DAPR-3340--Spatial_Audio_I/Images/Mixing_in_Dolby_Atmos/Mixing_in_Dolby_Atmos__Panner_Grid_Icon_Dropdown_Open.png
DAPR-3340--Spatial_Audio_I/Images/mixing-in-dolby-atmos/atmos-panning-in-pro-tools-07.png	DAPR-3340--Spatial_Audio_I/Images/Mixing_in_Dolby_Atmos/Mixing_in_Dolby_Atmos__Object_Panner_With_Position_Controls.png
DAPR-3340--Spatial_Audio_I/Images/mixing-in-dolby-atmos/atmos-panning-in-pro-tools-08.png	DAPR-3340--Spatial_Audio_I/Images/Mixing_in_Dolby_Atmos/Mixing_in_Dolby_Atmos__Highlighted_Panner_Toolbar_Button.png
DAPR-3340--Spatial_Audio_I/Images/mixing-in-dolby-atmos/mixing-in-dolby-atmos-bed-and-object-structure-01.png	DAPR-3340--Spatial_Audio_I/Images/Mixing_in_Dolby_Atmos/Mixing_in_Dolby_Atmos__Bed_and_Object_Structure.png
DAPR-3340--Spatial_Audio_I/Images/mixing-in-dolby-atmos/mixing-in-dolby-atmos-object-assignment-strips-01.png	DAPR-3340--Spatial_Audio_I/Images/Mixing_in_Dolby_Atmos/Mixing_in_Dolby_Atmos__Object_Assignment_Strips.png
DAPR-3340--Spatial_Audio_I/Images/mixing-in-dolby-atmos/mixing-in-dolby-atmos-pt-immersive-panner-lcr-object-channels-01.png	DAPR-3340--Spatial_Audio_I/Images/Mixing_in_Dolby_Atmos/Mixing_in_Dolby_Atmos__Pt_Immersive_Panner_Lcr_Object_Channels.png
DAPR-3340--Spatial_Audio_I/Images/mixing-in-dolby-atmos/mixing-in-dolby-atmos-pt-immersive-panner-mono-object-01.png	DAPR-3340--Spatial_Audio_I/Images/Mixing_in_Dolby_Atmos/Mixing_in_Dolby_Atmos__Pt_Immersive_Panner_Mono_Object.png
DAPR-3340--Spatial_Audio_I/Images/mixing-in-dolby-atmos/mixing-in-dolby-atmos-pt-immersive-panner-stereo-object-01.png	DAPR-3340--Spatial_Audio_I/Images/Mixing_in_Dolby_Atmos/Mixing_in_Dolby_Atmos__Pt_Immersive_Panner_Stereo_Object.png
DAPR-3340--Spatial_Audio_I/Images/mixing-in-dolby-atmos/mixing-in-dolby-atmos-pt-immersive-panner-top-view-speakers-01.png	DAPR-3340--Spatial_Audio_I/Images/Mixing_in_Dolby_Atmos/Mixing_in_Dolby_Atmos__Pt_Immersive_Panner_Top_View_Speakers.png
DAPR-3340--Spatial_Audio_I/Images/mixing-in-dolby-atmos/mixing-in-dolby-atmos-pt-object-track-xyz-automation-01.png	DAPR-3340--Spatial_Audio_I/Images/Mixing_in_Dolby_Atmos/Mixing_in_Dolby_Atmos__Pt_Object_Track_Xyz_Automation.png
DAPR-3340--Spatial_Audio_I/Images/mixing-in-dolby-atmos/mixing-in-dolby-atmos-track-output-bed-or-object-01.png	DAPR-3340--Spatial_Audio_I/Images/Mixing_in_Dolby_Atmos/Mixing_in_Dolby_Atmos__Track_Output_Bed_or_Object.png
DAPR-3340--Spatial_Audio_I/Images/mixing-in-dolby-atmos/reverbs-in-an-atmos-mix-01.png	DAPR-3340--Spatial_Audio_I/Images/Mixing_in_Dolby_Atmos/Mixing_in_Dolby_Atmos__Reverbs_in_an_Atmos_Mix.png
DAPR-3340--Spatial_Audio_I/Images/mixing-in-dolby-atmos/synchronizing-pro-tools-and-the-renderer-01.png	DAPR-3340--Spatial_Audio_I/Images/Mixing_in_Dolby_Atmos/Mixing_in_Dolby_Atmos__Timecode_Rate_Dropdown_Menu.png
DAPR-3340--Spatial_Audio_I/Images/mixing-in-dolby-atmos/synchronizing-pro-tools-and-the-renderer-02.png	DAPR-3340--Spatial_Audio_I/Images/Mixing_in_Dolby_Atmos/Mixing_in_Dolby_Atmos__Frame_Rate_Menu_in_Renderer_Preferences.png
DAPR-3340--Spatial_Audio_I/Images/mixing-in-dolby-atmos/synchronizing-pro-tools-and-the-renderer-03.png	DAPR-3340--Spatial_Audio_I/Images/Mixing_in_Dolby_Atmos/Mixing_in_Dolby_Atmos__Output_Paths_Including_LTC_Channel.png
DAPR-3340--Spatial_Audio_I/Images/mixing-in-dolby-atmos/synchronizing-pro-tools-and-the-renderer-04.png	DAPR-3340--Spatial_Audio_I/Images/Mixing_in_Dolby_Atmos/Mixing_in_Dolby_Atmos__LTC_Generator_Plugin_Window.png
DAPR-3340--Spatial_Audio_I/Images/mixing-in-dolby-atmos/synchronizing-pro-tools-and-the-renderer-05.png	DAPR-3340--Spatial_Audio_I/Images/Mixing_in_Dolby_Atmos/Mixing_in_Dolby_Atmos__LTC_Generator_Track_Strip.png
DAPR-3340--Spatial_Audio_I/Images/mixing-in-dolby-atmos/synchronizing-pro-tools-and-the-renderer-06.png	DAPR-3340--Spatial_Audio_I/Images/Mixing_in_Dolby_Atmos/Mixing_in_Dolby_Atmos__Renderer_Device_Settings_and_LTC_Channel.png
DAPR-3340--Spatial_Audio_I/Images/mixing-in-dolby-atmos/synchronizing-pro-tools-and-the-renderer-07.png	DAPR-3340--Spatial_Audio_I/Images/Mixing_in_Dolby_Atmos/Mixing_in_Dolby_Atmos__Transport_Bar_Sync_Button_Highlighted.png
DAPR-3340--Spatial_Audio_I/Images/mixing-in-dolby-atmos/the-atmos-music-panner-01.png	DAPR-3340--Spatial_Audio_I/Images/Mixing_in_Dolby_Atmos/Mixing_in_Dolby_Atmos__Music_Panner_Network_Address_Menu.png
DAPR-3340--Spatial_Audio_I/Images/mixing-in-dolby-atmos/the-atmos-music-panner-02.png	DAPR-3340--Spatial_Audio_I/Images/Mixing_in_Dolby_Atmos/Mixing_in_Dolby_Atmos__Music_Panner_Object_Selection_Menu.png
DAPR-3340--Spatial_Audio_I/Images/mixing-in-dolby-atmos/the-atmos-music-panner-03.png	DAPR-3340--Spatial_Audio_I/Images/Mixing_in_Dolby_Atmos/Mixing_in_Dolby_Atmos__Music_Panner_Object_Pair_Linking.png
DAPR-3340--Spatial_Audio_I/Images/mixing-in-dolby-atmos/the-atmos-music-panner-04.png	DAPR-3340--Spatial_Audio_I/Images/Mixing_in_Dolby_Atmos/Mixing_in_Dolby_Atmos__Music_Panner_Plugin_Window.png
DAPR-3340--Spatial_Audio_I/Images/mixing-in-dolby-atmos/the-atmos-music-panner-05.png	DAPR-3340--Spatial_Audio_I/Images/Mixing_in_Dolby_Atmos/Mixing_in_Dolby_Atmos__Music_Panner_Path_Shape_Buttons.png
DAPR-3340--Spatial_Audio_I/Images/mixing-in-dolby-atmos/the-atmos-music-panner-06.png	DAPR-3340--Spatial_Audio_I/Images/Mixing_in_Dolby_Atmos/Mixing_in_Dolby_Atmos__Sequencer_Step_Buttons_Panel.png
DAPR-3340--Spatial_Audio_I/Images/mixing-in-dolby-atmos/the-atmos-music-panner-07.png	DAPR-3340--Spatial_Audio_I/Images/Mixing_in_Dolby_Atmos/Mixing_in_Dolby_Atmos__Music_Panner_Sequencer_Step_Buttons.png
DAPR-3340--Spatial_Audio_I/Images/mixing-in-dolby-atmos/the-atmos-music-panner-08.png	DAPR-3340--Spatial_Audio_I/Images/Mixing_in_Dolby_Atmos/Mixing_in_Dolby_Atmos__Sequencer_Step_Duration_Dropdown.png
DAPR-3340--Spatial_Audio_I/Images/mixing-in-dolby-atmos/the-atmos-music-panner-09.gif	DAPR-3340--Spatial_Audio_I/Images/Mixing_in_Dolby_Atmos/Mixing_in_Dolby_Atmos__The_Atmos_Music_Panner.gif
DAPR-3340--Spatial_Audio_I/Images/mixing-in-dolby-atmos/using-groups-and-vcas-01.png	DAPR-3340--Spatial_Audio_I/Images/Mixing_in_Dolby_Atmos/Mixing_in_Dolby_Atmos__Guitar_Object_Channel_Strips.png
DAPR-3340--Spatial_Audio_I/Images/mixing-in-dolby-atmos/using-groups-and-vcas-02.png	DAPR-3340--Spatial_Audio_I/Images/Mixing_in_Dolby_Atmos/Mixing_in_Dolby_Atmos__Group_Assignment_Buttons_Highlighted.png
DAPR-3340--Spatial_Audio_I/Images/mixing-in-dolby-atmos/using-groups-and-vcas-03.png	DAPR-3340--Spatial_Audio_I/Images/Mixing_in_Dolby_Atmos/Mixing_in_Dolby_Atmos__Create_Group_Dialog_for_Guitar_Mix.png
DAPR-3340--Spatial_Audio_I/Images/mixing-in-dolby-atmos/using-groups-and-vcas-04.png	DAPR-3340--Spatial_Audio_I/Images/Mixing_in_Dolby_Atmos/Mixing_in_Dolby_Atmos__Red_Arrow_to_VCA_Master_Strip.png
DAPR-3340--Spatial_Audio_I/Images/mixing-in-dolby-atmos/using-groups-and-vcas-05.png	DAPR-3340--Spatial_Audio_I/Images/Mixing_in_Dolby_Atmos/Mixing_in_Dolby_Atmos__Modify_Groups_Attributes_Dialog.png
DAPR-3340--Spatial_Audio_I/Images/mixing-in-dolby-atmos/using-groups-and-vcas-06.png	DAPR-3340--Spatial_Audio_I/Images/Mixing_in_Dolby_Atmos/Mixing_in_Dolby_Atmos__Guitar_Strips_With_EQ_Plugin_Open.png
DAPR-3340--Spatial_Audio_I/Images/mixing-in-dolby-atmos/working-with-multiple-beds-01.png	DAPR-3340--Spatial_Audio_I/Images/Mixing_in_Dolby_Atmos/Mixing_in_Dolby_Atmos__Working_with_Multiple_Beds.png
DAPR-3340--Spatial_Audio_I/Images/surround-mastering-and-encoding/limiting-and-brickwall-limiters-01.png	DAPR-3340--Spatial_Audio_I/Images/Surround__Mastering_and_Encoding/Surround__Mastering_and_Encoding__Limiting_and_Brickwall_Limiters.png
DAPR-3340--Spatial_Audio_I/Images/surround-mastering-and-encoding/loudness-01.jpg	DAPR-3340--Spatial_Audio_I/Images/Surround__Mastering_and_Encoding/Surround__Mastering_and_Encoding__Equal_Loudness_Contour_Chart.jpg
DAPR-3340--Spatial_Audio_I/Images/surround-mastering-and-encoding/loudness-02.jpg	DAPR-3340--Spatial_Audio_I/Images/Surround__Mastering_and_Encoding/Surround__Mastering_and_Encoding__Short_Chain_of_Boxed_Processor_Icons.jpg
DAPR-3340--Spatial_Audio_I/Images/surround-mastering-and-encoding/loudness-03.jpg	DAPR-3340--Spatial_Audio_I/Images/Surround__Mastering_and_Encoding/Surround__Mastering_and_Encoding__Full_Chain_of_Boxed_Processor_Icons.jpg
DAPR-3340--Spatial_Audio_I/Images/surround-mastering-and-encoding/mid-slash-side-processing-01.jpg	DAPR-3340--Spatial_Audio_I/Images/Surround__Mastering_and_Encoding/Surround__Mastering_and_Encoding__Mid_Slash_Side_Processing.jpg
DAPR-3340--Spatial_Audio_I/Images/surround-mastering-and-encoding/multiband-compression-01.png	DAPR-3340--Spatial_Audio_I/Images/Surround__Mastering_and_Encoding/Surround__Mastering_and_Encoding__Multiband_Compression.png
DAPR-3340--Spatial_Audio_I/Images/surround-mastering-and-encoding/surround-encoding-plugins-01.jpg	DAPR-3340--Spatial_Audio_I/Images/Surround__Mastering_and_Encoding/Surround__Mastering_and_Encoding__Surround_Encoding_Plugins.jpg
DAPR-3340--Spatial_Audio_I/Images/surround-mastering-and-encoding/surround-encoding-plugins-02.png	DAPR-3340--Spatial_Audio_I/Images/Surround__Mastering_and_Encoding/Surround__Mastering_and_Encoding__Surround_Encoding_Plugins.png
DAPR-3340--Spatial_Audio_I/Images/surround-mastering-and-encoding/surround-encoding-software-01.jpg	DAPR-3340--Spatial_Audio_I/Images/Surround__Mastering_and_Encoding/Surround__Mastering_and_Encoding__Surround_Encoding_Software.jpg
DAPR-3340--Spatial_Audio_I/Images/surround-mastering-and-encoding/surround-encoding-software-02.png	DAPR-3340--Spatial_Audio_I/Images/Surround__Mastering_and_Encoding/Surround__Mastering_and_Encoding__Surround_Encoding_Software.png
DAPR-3340--Spatial_Audio_I/Images/surround-mastering-and-encoding/surround-mastering-and-encoding-common-audio-meters-01.png	DAPR-3340--Spatial_Audio_I/Images/Surround__Mastering_and_Encoding/Surround__Mastering_and_Encoding__Common_Audio_Meters.png
DAPR-3340--Spatial_Audio_I/Images/surround-mastering-and-encoding/surround-mastering-and-encoding-dither-quantization-01.png	DAPR-3340--Spatial_Audio_I/Images/Surround__Mastering_and_Encoding/Surround__Mastering_and_Encoding__Dither_Quantization.png
DAPR-3340--Spatial_Audio_I/Images/surround-mastering-and-encoding/surround-mastering-and-encoding-dither-versus-truncation-noise-floor-01.png	DAPR-3340--Spatial_Audio_I/Images/Surround__Mastering_and_Encoding/Surround__Mastering_and_Encoding__Dither_versus_Truncation_Noise_Floor.png
DAPR-3340--Spatial_Audio_I/Images/surround-mastering-and-encoding/surround-mastering-and-encoding-exercise-music-01.png	DAPR-3340--Spatial_Audio_I/Images/Surround__Mastering_and_Encoding/Surround__Mastering_and_Encoding__Exercise_Music.png
DAPR-3340--Spatial_Audio_I/Images/surround-mastering-and-encoding/surround-mastering-and-encoding-exercise-music-02.jpg	DAPR-3340--Spatial_Audio_I/Images/Surround__Mastering_and_Encoding/Surround__Mastering_and_Encoding__Mastering_Chain_and_Print_Track_Strips.jpg
DAPR-3340--Spatial_Audio_I/Images/surround-mastering-and-encoding/surround-mastering-and-encoding-exercise-music-03.jpg	DAPR-3340--Spatial_Audio_I/Images/Surround__Mastering_and_Encoding/Surround__Mastering_and_Encoding__Finder_Folder_of_Split_Master_Files.jpg
DAPR-3340--Spatial_Audio_I/Images/surround-mastering-and-encoding/surround-mastering-and-encoding-exercise-music-04.jpg	DAPR-3340--Spatial_Audio_I/Images/Surround__Mastering_and_Encoding/Surround__Mastering_and_Encoding__Channel_File_Assignment_for_Encoding.jpg
DAPR-3340--Spatial_Audio_I/Images/surround-mastering-and-encoding/surround-mastering-and-encoding-exercise-music-05.jpg	DAPR-3340--Spatial_Audio_I/Images/Surround__Mastering_and_Encoding/Surround__Mastering_and_Encoding__Dolby_Digital_Encoding_Preset_Window.jpg
DAPR-3340--Spatial_Audio_I/Images/surround-mastering-and-encoding/surround-mastering-and-encoding-exercise-post-01.png	DAPR-3340--Spatial_Audio_I/Images/Surround__Mastering_and_Encoding/Surround__Mastering_and_Encoding__Pro_Limiter_Plugin_Window.png
DAPR-3340--Spatial_Audio_I/Images/surround-mastering-and-encoding/surround-mastering-and-encoding-exercise-post-02.png	DAPR-3340--Spatial_Audio_I/Images/Surround__Mastering_and_Encoding/Surround__Mastering_and_Encoding__EQ_Low_Pass_Filter_On_Sub.png
DAPR-3340--Spatial_Audio_I/Images/surround-mastering-and-encoding/surround-mastering-and-encoding-exercise-post-03.png	DAPR-3340--Spatial_Audio_I/Images/Surround__Mastering_and_Encoding/Surround__Mastering_and_Encoding__Limiter_Plugin_With_Loudness_Readouts.png
DAPR-3340--Spatial_Audio_I/Images/surround-mastering-and-encoding/surround-mastering-and-encoding-exercise-post-04.png	DAPR-3340--Spatial_Audio_I/Images/Surround__Mastering_and_Encoding/Surround__Mastering_and_Encoding__Multichannel_Stem_File_List.png
DAPR-3340--Spatial_Audio_I/Images/surround-mastering-and-encoding/surround-mastering-and-encoding-exercise-post-05.png	DAPR-3340--Spatial_Audio_I/Images/Surround__Mastering_and_Encoding/Surround__Mastering_and_Encoding__Channel_File_Slot_Assignment_Dialog.png
DAPR-3340--Spatial_Audio_I/Images/surround-mastering-and-encoding/surround-mastering-and-encoding-exercise-post-06.png	DAPR-3340--Spatial_Audio_I/Images/Surround__Mastering_and_Encoding/Surround__Mastering_and_Encoding__Compressor_Batch_With_Dolby_Digital_Preset.png
DAPR-3340--Spatial_Audio_I/Images/surround-mastering-and-encoding/surround-mastering-and-encoding-limiter-ceiling-and-intersample-01.png	DAPR-3340--Spatial_Audio_I/Images/Surround__Mastering_and_Encoding/Surround__Mastering_and_Encoding__Limiter_Ceiling_and_Intersample.png
DAPR-3340--Spatial_Audio_I/Images/surround-mastering-and-encoding/surround-mastering-and-encoding-mastering-signal-chain-01.png	DAPR-3340--Spatial_Audio_I/Images/Surround__Mastering_and_Encoding/Surround__Mastering_and_Encoding__Mastering_Signal_Chain.png
DAPR-3340--Spatial_Audio_I/Images/surround-mastering-and-encoding/surround-mastering-and-encoding-mixing-versus-mastering-01.png	DAPR-3340--Spatial_Audio_I/Images/Surround__Mastering_and_Encoding/Surround__Mastering_and_Encoding__Mixing_versus_Mastering.png
DAPR-3340--Spatial_Audio_I/Images/surround-mastering-and-encoding/surround-mastering-and-encoding-multiband-crossover-bands-01.png	DAPR-3340--Spatial_Audio_I/Images/Surround__Mastering_and_Encoding/Surround__Mastering_and_Encoding__Multiband_Crossover_Bands.png
DAPR-3340--Spatial_Audio_I/Images/surround-mastering-and-encoding/surround-mastering-and-encoding-pt-io-setup-dolby-atmos-tab-01.png	DAPR-3340--Spatial_Audio_I/Images/Surround__Mastering_and_Encoding/Surround__Mastering_and_Encoding__Pt_IO_Setup_Dolby_Atmos_Tab.png
DAPR-3340--Spatial_Audio_I/Images/surround-mastering-and-encoding/surround-mastering-and-encoding-pt-io-setup-output-atmos-objects-01.png	DAPR-3340--Spatial_Audio_I/Images/Surround__Mastering_and_Encoding/Surround__Mastering_and_Encoding__Pt_IO_Setup_Output_Atmos_Objects.png
DAPR-3340--Spatial_Audio_I/Images/surround-mastering-and-encoding/surround-mastering-and-encoding-surround-delivery-formats-01.png	DAPR-3340--Spatial_Audio_I/Images/Surround__Mastering_and_Encoding/Surround__Mastering_and_Encoding__Surround_Delivery_Formats.png
DAPR-3340--Spatial_Audio_I/Images/surround-mastering-and-encoding/surround-mastering-plugins-01.jpg	DAPR-3340--Spatial_Audio_I/Images/Surround__Mastering_and_Encoding/Surround__Mastering_and_Encoding__Mastering_Suite_With_EQ_Curve.jpg
DAPR-3340--Spatial_Audio_I/Images/surround-mastering-and-encoding/surround-mastering-plugins-02.jpg	DAPR-3340--Spatial_Audio_I/Images/Surround__Mastering_and_Encoding/Surround__Mastering_and_Encoding__Surround_Limiter_Plugin_Window.jpg
DAPR-3340--Spatial_Audio_I/Images/surround-mastering-and-encoding/surround-mastering-plugins-03.jpg	DAPR-3340--Spatial_Audio_I/Images/Surround__Mastering_and_Encoding/Surround__Mastering_and_Encoding__Down_Mixer_Plugin_Window.jpg
DAPR-3340--Spatial_Audio_I/Images/surround-mastering-and-encoding/surround-mastering-plugins-04.jpg	DAPR-3340--Spatial_Audio_I/Images/Surround__Mastering_and_Encoding/Surround__Mastering_and_Encoding__Waves_Surround_Mixdown_Plugin_Window.jpg
DAPR-3340--Spatial_Audio_I/Images/surround-mastering-and-encoding/surround-mastering-plugins-05.png	DAPR-3340--Spatial_Audio_I/Images/Surround__Mastering_and_Encoding/Surround__Mastering_and_Encoding__Upmix_Plugin_Polar_Display.png
DAPR-3340--Spatial_Audio_I/Images/surround-mastering-and-encoding/surround-mastering-plugins-06.png	DAPR-3340--Spatial_Audio_I/Images/Surround__Mastering_and_Encoding/Surround__Mastering_and_Encoding__Upmix_Plugin_Channel_Meters.png
DAPR-3340--Spatial_Audio_I/Images/surround-mastering-and-encoding/surround-metering-plugins-01.png	DAPR-3340--Spatial_Audio_I/Images/Surround__Mastering_and_Encoding/Surround__Mastering_and_Encoding__Surround_Metering_Plugins.png
DAPR-3340--Spatial_Audio_I/Images/surround-mixing/advanced-mixing-concepts-01.jpg	DAPR-3340--Spatial_Audio_I/Images/Surround__Mixing/Surround__Mixing__Wide_Mixer_View_With_Highlighted_Strips.jpg
DAPR-3340--Spatial_Audio_I/Images/surround-mixing/advanced-mixing-concepts-02.jpg	DAPR-3340--Spatial_Audio_I/Images/Surround__Mixing/Surround__Mixing__Send_Assignment_Context_Menu_On_Strip.jpg
DAPR-3340--Spatial_Audio_I/Images/surround-mixing/advanced-mixing-concepts-03.jpg	DAPR-3340--Spatial_Audio_I/Images/Surround__Mixing/Surround__Mixing__Track_Assignment_Context_Menu.jpg
DAPR-3340--Spatial_Audio_I/Images/surround-mixing/advanced-mixing-concepts-04.jpg	DAPR-3340--Spatial_Audio_I/Images/Surround__Mixing/Surround__Mixing__Drum_Mixer_Strips_With_Inserts.jpg
DAPR-3340--Spatial_Audio_I/Images/surround-mixing/automation-01.jpg	DAPR-3340--Spatial_Audio_I/Images/Surround__Mixing/Surround__Mixing__Automation_Breakpoints_over_Colored_Clips.jpg
DAPR-3340--Spatial_Audio_I/Images/surround-mixing/automation-02.jpg	DAPR-3340--Spatial_Audio_I/Images/Surround__Mixing/Surround__Mixing__Automation_Window_with_Write_Enable_Buttons.jpg
DAPR-3340--Spatial_Audio_I/Images/surround-mixing/final-mix-creation-01.jpg	DAPR-3340--Spatial_Audio_I/Images/Surround__Mixing/Surround__Mixing__Post_Production_Mix_Workflow_Chart.jpg
DAPR-3340--Spatial_Audio_I/Images/surround-mixing/final-mix-creation-02.jpg	DAPR-3340--Spatial_Audio_I/Images/Surround__Mixing/Surround__Mixing__Production_Session_Flow_Chart.jpg
DAPR-3340--Spatial_Audio_I/Images/surround-mixing/final-mix-creation-03.jpg	DAPR-3340--Spatial_Audio_I/Images/Surround__Mixing/Surround__Mixing__Export_to_AAF_Options_Dialog.jpg
DAPR-3340--Spatial_Audio_I/Images/surround-mixing/loudness-metering-01.jpg	DAPR-3340--Spatial_Audio_I/Images/Surround__Mixing/Surround__Mixing__Loudness_Metering.jpg
DAPR-3340--Spatial_Audio_I/Images/surround-mixing/multi-channel-panning-01.jpg	DAPR-3340--Spatial_Audio_I/Images/Surround__Mixing/Surround__Mixing__Surround_Panner_Output_Window.jpg
DAPR-3340--Spatial_Audio_I/Images/surround-mixing/multi-channel-panning-02.jpg	DAPR-3340--Spatial_Audio_I/Images/Surround__Mixing/Surround__Mixing__Linked_Dual_Surround_Panner_Grids.jpg
DAPR-3340--Spatial_Audio_I/Images/surround-mixing/output-configuration-01.jpg	DAPR-3340--Spatial_Audio_I/Images/Surround__Mixing/Surround__Mixing__Guitar_and_Piano_Mixer_Strips.jpg
DAPR-3340--Spatial_Audio_I/Images/surround-mixing/output-configuration-02.jpg	DAPR-3340--Spatial_Audio_I/Images/Surround__Mixing/Surround__Mixing__Horn_Track_Strips_on_Shared_Bus.jpg
DAPR-3340--Spatial_Audio_I/Images/surround-mixing/output-configuration-03.jpg	DAPR-3340--Spatial_Audio_I/Images/Surround__Mixing/Surround__Mixing__Wide_Mix_Window_of_Colored_Strips.jpg
DAPR-3340--Spatial_Audio_I/Images/surround-mixing/output-configuration-04.jpg	DAPR-3340--Spatial_Audio_I/Images/Surround__Mixing/Surround__Mixing__Output_Path_Submenu_of_Subpaths.jpg
DAPR-3340--Spatial_Audio_I/Images/surround-mixing/output-configuration-05.jpg	DAPR-3340--Spatial_Audio_I/Images/Surround__Mixing/Surround__Mixing__Decca_Tree_Microphone_Channel_Strips.jpg
DAPR-3340--Spatial_Audio_I/Images/surround-mixing/output-configuration-06.jpg	DAPR-3340--Spatial_Audio_I/Images/Surround__Mixing/Surround__Mixing__Output_Path_Menu_With_Studio_Main.jpg
DAPR-3340--Spatial_Audio_I/Images/surround-mixing/output-configuration-07.jpg	DAPR-3340--Spatial_Audio_I/Images/Surround__Mixing/Surround__Mixing__Output_Window_With_Highlighted_LFE_Fader.jpg
DAPR-3340--Spatial_Audio_I/Images/surround-mixing/surround-mixing-color-coded-input-output-and-bus-paths-01.png	DAPR-3340--Spatial_Audio_I/Images/Surround__Mixing/Surround__Mixing__Color_Coded_Input_Output_and_Bus_Paths.png
DAPR-3340--Spatial_Audio_I/Images/surround-mixing/surround-mixing-divergence-front-rear-link-01.png	DAPR-3340--Spatial_Audio_I/Images/Surround__Mixing/Surround__Mixing__Divergence_Front_Rear_Link.png
DAPR-3340--Spatial_Audio_I/Images/surround-mixing/surround-mixing-exercise-music-01.png	DAPR-3340--Spatial_Audio_I/Images/Surround__Mixing/Surround__Mixing__Bus_Tab_Listing_Surround_Busses.png
DAPR-3340--Spatial_Audio_I/Images/surround-mixing/surround-mixing-exercise-music-02.png	DAPR-3340--Spatial_Audio_I/Images/Surround__Mixing/Surround__Mixing__Submix_Strips_Feeding_Main_Mix.png
DAPR-3340--Spatial_Audio_I/Images/surround-mixing/surround-mixing-exercise-music-03.png	DAPR-3340--Spatial_Audio_I/Images/Surround__Mixing/Surround__Mixing__String_Section_Strips_Routed_to_Submix.png
DAPR-3340--Spatial_Audio_I/Images/surround-mixing/surround-mixing-exercise-music-04.png	DAPR-3340--Spatial_Audio_I/Images/Surround__Mixing/Surround__Mixing__Create_Group_Dialog_for_Drum_Tracks.png
DAPR-3340--Spatial_Audio_I/Images/surround-mixing/surround-mixing-exercise-music-05.png	DAPR-3340--Spatial_Audio_I/Images/Surround__Mixing/Surround__Mixing__Drum_Strips_With_VCA_Master.png
DAPR-3340--Spatial_Audio_I/Images/surround-mixing/surround-mixing-exercise-music-06.png	DAPR-3340--Spatial_Audio_I/Images/Surround__Mixing/Surround__Mixing__Compressor_Limiter_Over_Drum_Strips.png
DAPR-3340--Spatial_Audio_I/Images/surround-mixing/surround-mixing-exercise-music-07.jpg	DAPR-3340--Spatial_Audio_I/Images/Surround__Mixing/Surround__Mixing__Exercise_Music.jpg
DAPR-3340--Spatial_Audio_I/Images/surround-mixing/surround-mixing-exercise-music-08.png	DAPR-3340--Spatial_Audio_I/Images/Surround__Mixing/Surround__Mixing__Export_Selected_Dialog_High_Sample_Rate.png
DAPR-3340--Spatial_Audio_I/Images/surround-mixing/surround-mixing-exercise-post-01.png	DAPR-3340--Spatial_Audio_I/Images/Surround__Mixing/Surround__Mixing__Bus_Paths_Mapped_to_Surround_Monitors.png
DAPR-3340--Spatial_Audio_I/Images/surround-mixing/surround-mixing-exercise-post-02.png	DAPR-3340--Spatial_Audio_I/Images/Surround__Mixing/Surround__Mixing__Stem_and_Submix_Channel_Strips.png
DAPR-3340--Spatial_Audio_I/Images/surround-mixing/surround-mixing-exercise-post-03.png	DAPR-3340--Spatial_Audio_I/Images/Surround__Mixing/Surround__Mixing__Reverb_Auxiliary_and_Object_Strips.png
DAPR-3340--Spatial_Audio_I/Images/surround-mixing/surround-mixing-exercise-post-04.png	DAPR-3340--Spatial_Audio_I/Images/Surround__Mixing/Surround__Mixing__Dialogue_and_Background_Stem_Strips.png
DAPR-3340--Spatial_Audio_I/Images/surround-mixing/surround-mixing-exercise-post-05.png	DAPR-3340--Spatial_Audio_I/Images/Surround__Mixing/Surround__Mixing__Create_Group_Dialog_for_Dialog_Tracks.png
DAPR-3340--Spatial_Audio_I/Images/surround-mixing/surround-mixing-exercise-post-06.png	DAPR-3340--Spatial_Audio_I/Images/Surround__Mixing/Surround__Mixing__Dialog_Strips_Under_VCA_Master.png
DAPR-3340--Spatial_Audio_I/Images/surround-mixing/surround-mixing-exercise-post-07.png	DAPR-3340--Spatial_Audio_I/Images/Surround__Mixing/Surround__Mixing__Surround_Panner_and_Automation_Ramp.png
DAPR-3340--Spatial_Audio_I/Images/surround-mixing/surround-mixing-exercise-post-08.png	DAPR-3340--Spatial_Audio_I/Images/Surround__Mixing/Surround__Mixing__Export_Selected_Dialog_Video_Sample_Rate.png
DAPR-3340--Spatial_Audio_I/Images/surround-mixing/surround-mixing-io-setup-path-color-selector-01.png	DAPR-3340--Spatial_Audio_I/Images/Surround__Mixing/Surround__Mixing__IO_Setup_Path_Color_Selector.png
DAPR-3340--Spatial_Audio_I/Images/surround-mixing/surround-mixing-loudness-integrated-shortterm-truepeak-01.png	DAPR-3340--Spatial_Audio_I/Images/Surround__Mixing/Surround__Mixing__Loudness_Integrated_Shortterm_Truepeak.png
DAPR-3340--Spatial_Audio_I/Images/surround-mixing/surround-mixing-pt-mix-window-atmos-bed-objects-01.png	DAPR-3340--Spatial_Audio_I/Images/Surround__Mixing/Surround__Mixing__Pt_Mix_Window_Atmos_Bed_Objects.png
DAPR-3340--Spatial_Audio_I/Images/surround-mixing/surround-mixing-pt-surround-panner-annotated-01.png	DAPR-3340--Spatial_Audio_I/Images/Surround__Mixing/Surround__Mixing__Pt_Surround_Panner_Annotated.png
DAPR-3340--Spatial_Audio_I/Images/surround-mixing/surround-mixing-pt-surround-panner-mode-menu-01.png	DAPR-3340--Spatial_Audio_I/Images/Surround__Mixing/Surround__Mixing__Pt_Surround_Panner_Mode_Menu.png
DAPR-3340--Spatial_Audio_I/Images/surround-mixing/surround-mixing-static-versus-dynamic-automation-01.png	DAPR-3340--Spatial_Audio_I/Images/Surround__Mixing/Surround__Mixing__Static_versus_Dynamic_Automation.png
DAPR-3340--Spatial_Audio_I/Images/surround-mixing/surround-mixing-surround-mix-workflow-01.png	DAPR-3340--Spatial_Audio_I/Images/Surround__Mixing/Surround__Mixing__Surround_Mix_Workflow.png
DAPR-3340--Spatial_Audio_I/Images/surround-mixing/surround-mixing-surround-panner-window-01.png	DAPR-3340--Spatial_Audio_I/Images/Surround__Mixing/Surround__Mixing__Surround_Panner_Window.png
DAPR-3340--Spatial_Audio_I/Images/surround-mixing/surround-mixing-surround-session-routing-01.png	DAPR-3340--Spatial_Audio_I/Images/Surround__Mixing/Surround__Mixing__Surround_Session_Routing.png
DAPR-3340--Spatial_Audio_I/Images/surround-mixing/surround-plug-ins-01.jpg	DAPR-3340--Spatial_Audio_I/Images/Surround__Mixing/Surround__Mixing__Two_Lindell_Channel_Strip_Windows.jpg
DAPR-3340--Spatial_Audio_I/Images/surround-mixing/surround-plug-ins-02.jpg	DAPR-3340--Spatial_Audio_I/Images/Surround__Mixing/Surround__Mixing__Plugin_Channel_Selection_Dropdown.jpg
DAPR-3340--Spatial_Audio_I/Images/surround-mixing/surround-plug-ins-03.png	DAPR-3340--Spatial_Audio_I/Images/Surround__Mixing/Surround__Mixing__Surround_Plug_Ins.png
DAPR-3340--Spatial_Audio_I/Images/surround-monitoring/consumer-listening-environment-01.jpeg	DAPR-3340--Spatial_Audio_I/Images/Surround__Monitoring/Surround__Monitoring__Consumer_Listening_Environment.jpg
DAPR-3340--Spatial_Audio_I/Images/surround-monitoring/consumer-listening-environment-02.png	DAPR-3340--Spatial_Audio_I/Images/Surround__Monitoring/Surround__Monitoring__Consumer_Listening_Environment.png
DAPR-3340--Spatial_Audio_I/Images/surround-monitoring/professional-mixing-environment-01.jpeg	DAPR-3340--Spatial_Audio_I/Images/Surround__Monitoring/Surround__Monitoring__Professional_Mixing_Environment.jpg
DAPR-3340--Spatial_Audio_I/Images/surround-monitoring/professional-mixing-environment-02.png	DAPR-3340--Spatial_Audio_I/Images/Surround__Monitoring/Surround__Monitoring__Professional_Mixing_Environment.png
DAPR-3340--Spatial_Audio_I/Images/surround-monitoring/room-design-and-acoustics-01.jpeg	DAPR-3340--Spatial_Audio_I/Images/Surround__Monitoring/Surround__Monitoring__Studio_Live_Room_Photo.jpg
DAPR-3340--Spatial_Audio_I/Images/surround-monitoring/room-design-and-acoustics-02.png	DAPR-3340--Spatial_Audio_I/Images/Surround__Monitoring/Surround__Monitoring__Room_Design_and_Acoustics.png
DAPR-3340--Spatial_Audio_I/Images/surround-monitoring/room-design-and-acoustics-03.jpeg	DAPR-3340--Spatial_Audio_I/Images/Surround__Monitoring/Surround__Monitoring__Room_Correction_EQ_Curve_Display.jpg
DAPR-3340--Spatial_Audio_I/Images/surround-monitoring/speaker-placement-01.jpeg	DAPR-3340--Spatial_Audio_I/Images/Surround__Monitoring/Surround__Monitoring__Speaker_Placement.jpg
DAPR-3340--Spatial_Audio_I/Images/surround-monitoring/surround-monitoring-bass-management-signal-path-01.png	DAPR-3340--Spatial_Audio_I/Images/Surround__Monitoring/Surround__Monitoring__Bass_Management_Signal_Path.png
DAPR-3340--Spatial_Audio_I/Images/surround-monitoring/surround-monitoring-calibration-order-of-operations-01.png	DAPR-3340--Spatial_Audio_I/Images/Surround__Monitoring/Surround__Monitoring__Calibration_Order_of_Operations.png
DAPR-3340--Spatial_Audio_I/Images/surround-monitoring/surround-monitoring-consumer-room-compromises-01.png	DAPR-3340--Spatial_Audio_I/Images/Surround__Monitoring/Surround__Monitoring__Consumer_Room_Compromises.png
DAPR-3340--Spatial_Audio_I/Images/surround-monitoring/surround-monitoring-exercise-01.png	DAPR-3340--Spatial_Audio_I/Images/Surround__Monitoring/Surround__Monitoring__New_Tracks_Dialog_for_Pink_Noise.png
DAPR-3340--Spatial_Audio_I/Images/surround-monitoring/surround-monitoring-exercise-02.png	DAPR-3340--Spatial_Audio_I/Images/Surround__Monitoring/Surround__Monitoring__Signal_Generator_Set_to_Pink_Noise.png
DAPR-3340--Spatial_Audio_I/Images/surround-monitoring/surround-monitoring-exercise-03.png	DAPR-3340--Spatial_Audio_I/Images/Surround__Monitoring/Surround__Monitoring__Pink_Noise_Test_Channel_Strip.png
DAPR-3340--Spatial_Audio_I/Images/surround-monitoring/surround-monitoring-monitoring-environments-comparison-01.png	DAPR-3340--Spatial_Audio_I/Images/Surround__Monitoring/Surround__Monitoring__Monitoring_Environments_Comparison.png
DAPR-3340--Spatial_Audio_I/Images/surround-monitoring/surround-monitoring-placement-height-distance-toe-in-01.png	DAPR-3340--Spatial_Audio_I/Images/Surround__Monitoring/Surround__Monitoring__Placement_Height_Distance_Toe_in.png
DAPR-3340--Spatial_Audio_I/Images/surround-monitoring/surround-monitoring-pt-51-format-channel-assignments-01.png	DAPR-3340--Spatial_Audio_I/Images/Surround__Monitoring/Surround__Monitoring__Pt_51_Format_Channel_Assignments.png
DAPR-3340--Spatial_Audio_I/Images/surround-monitoring/surround-monitoring-pt-mix-window-51-surround-routing-01.png	DAPR-3340--Spatial_Audio_I/Images/Surround__Monitoring/Surround__Monitoring__Pt_Mix_Window_51_Surround_Routing.png
DAPR-3340--Spatial_Audio_I/Images/surround-monitoring/surround-monitoring-theatrical-versus-home-scale-01.png	DAPR-3340--Spatial_Audio_I/Images/Surround__Monitoring/Surround__Monitoring__Theatrical_versus_Home_Scale.png
DAPR-3340--Spatial_Audio_I/Images/surround-monitoring/system-calibration-01.png	DAPR-3340--Spatial_Audio_I/Images/Surround__Monitoring/Surround__Monitoring__System_Calibration.png
DAPR-3340--Spatial_Audio_I/Images/surround-monitoring/theatrical-listening-environment-01.jpeg	DAPR-3340--Spatial_Audio_I/Images/Surround__Monitoring/Surround__Monitoring__Theatrical_Listening_Environment.jpg
DAPR-3340--Spatial_Audio_I/Images/surround-recording/introduction-to-surround-recording-01.png	DAPR-3340--Spatial_Audio_I/Images/Surround__Recording/Surround__Recording__Introduction_to_Surround_Recording.png
DAPR-3340--Spatial_Audio_I/Images/surround-recording/surround-recording-exercise-01.jpg	DAPR-3340--Spatial_Audio_I/Images/Surround__Recording/Surround__Recording__Input_Setup_Channel_Mapping_Matrix.jpg
DAPR-3340--Spatial_Audio_I/Images/surround-recording/surround-recording-exercise-02.jpg	DAPR-3340--Spatial_Audio_I/Images/Surround__Recording/Surround__Recording__Output_Tab_of_Thunderbolt_Interface_Paths.jpg
DAPR-3340--Spatial_Audio_I/Images/surround-recording/surround-recording-exercise-03.jpg	DAPR-3340--Spatial_Audio_I/Images/Surround__Recording/Surround__Recording__New_Paths_Dialog_for_Surround_Output.jpg
DAPR-3340--Spatial_Audio_I/Images/surround-recording/surround-recording-exercise-04.jpg	DAPR-3340--Spatial_Audio_I/Images/Surround__Recording/Surround__Recording__Output_Path_Routing_Matrix.jpg
DAPR-3340--Spatial_Audio_I/Images/surround-recording/surround-recording-exercise-05.png	DAPR-3340--Spatial_Audio_I/Images/Surround__Recording/Surround__Recording__Session_Monitor_Path_Settings.png
DAPR-3340--Spatial_Audio_I/Images/surround-recording/surround-recording-exercise-06.jpg	DAPR-3340--Spatial_Audio_I/Images/Surround__Recording/Surround__Recording__New_Paths_Dialog_for_Surround_Busses.jpg
DAPR-3340--Spatial_Audio_I/Images/surround-recording/surround-recording-exercise-07.jpg	DAPR-3340--Spatial_Audio_I/Images/Surround__Recording/Surround__Recording__New_Tracks_Dialog_Creating_Mono_Tracks.jpg
DAPR-3340--Spatial_Audio_I/Images/surround-recording/surround-recording-exercise-08.jpg	DAPR-3340--Spatial_Audio_I/Images/Surround__Recording/Surround__Recording__Surround_Output_Assignment_Menu.jpg
DAPR-3340--Spatial_Audio_I/Images/surround-recording/surround-recording-exercise-09.jpg	DAPR-3340--Spatial_Audio_I/Images/Surround__Recording/Surround__Recording__Mic_Input_Strips_With_Channel_Labels.jpg
DAPR-3340--Spatial_Audio_I/Images/surround-recording/surround-recording-exercise-10.png	DAPR-3340--Spatial_Audio_I/Images/Surround__Recording/Surround__Recording__New_Tracks_Dialog_for_Surround_Track.png
DAPR-3340--Spatial_Audio_I/Images/surround-recording/surround-recording-fukada-tree-01.png	DAPR-3340--Spatial_Audio_I/Images/Surround__Recording/Surround__Recording__Fukada_Tree.png
DAPR-3340--Spatial_Audio_I/Images/surround-recording/surround-recording-hamasaki-square-01.png	DAPR-3340--Spatial_Audio_I/Images/Surround__Recording/Surround__Recording__Hamasaki_Square.png
DAPR-3340--Spatial_Audio_I/Images/surround-recording/surround-recording-irt-cross-01.png	DAPR-3340--Spatial_Audio_I/Images/Surround__Recording/Surround__Recording__Irt_Cross.png
DAPR-3340--Spatial_Audio_I/Images/surround-recording/surround-recording-location-monitoring-chain-01.png	DAPR-3340--Spatial_Audio_I/Images/Surround__Recording/Surround__Recording__Location_Monitoring_Chain.png
DAPR-3340--Spatial_Audio_I/Images/surround-recording/surround-recording-modified-decca-tree-01.png	DAPR-3340--Spatial_Audio_I/Images/Surround__Recording/Surround__Recording__Modified_Decca_Tree.png
DAPR-3340--Spatial_Audio_I/Images/surround-recording/surround-recording-pt-surround-panner-plugin-01.png	DAPR-3340--Spatial_Audio_I/Images/Surround__Recording/Surround__Recording__Pt_Surround_Panner_Plugin.png
DAPR-3340--Spatial_Audio_I/Images/surround-recording/surround-recording-surround-array-geometry-01.png	DAPR-3340--Spatial_Audio_I/Images/Surround__Recording/Surround__Recording__Surround_Array_Geometry.png
DAPR-3340--Spatial_Audio_I/Images/surround-recording/surround-recording-wide-cardioid-01.png	DAPR-3340--Spatial_Audio_I/Images/Surround__Recording/Surround__Recording__Wide_Cardioid.png
DAPR-3340--Spatial_Audio_I/Images/surround-recording/using-standard-microphones-01.png	DAPR-3340--Spatial_Audio_I/Images/Surround__Recording/Surround__Recording__Microphone_Spacing_Distance_Diagram.png
DAPR-3340--Spatial_Audio_I/Images/surround-recording/using-standard-microphones-03.png	DAPR-3340--Spatial_Audio_I/Images/Surround__Recording/Surround__Recording__Cardioid_Pattern_Array_Layout.png
DAPR-3340--Spatial_Audio_I/Images/surround-recording/using-standard-microphones-05.png	DAPR-3340--Spatial_Audio_I/Images/Surround__Recording/Surround__Recording__Spaced_Cardioid_Array_Spacing_Diagram.png
DAPR-3340--Spatial_Audio_I/Images/surround-recording/using-standard-microphones-06.png	DAPR-3340--Spatial_Audio_I/Images/Surround__Recording/Surround__Recording__Five_Microphone_Surround_Array_Diagram.png
DAPR-3340--Spatial_Audio_I/Images/surround-recording/using-standard-microphones-08.png	DAPR-3340--Spatial_Audio_I/Images/Surround__Recording/Surround__Recording__Surround_Microphone_Array_With_Angles.png
DAPR-3340--Spatial_Audio_I/Images/surround-recording/using-standard-microphones-10.png	DAPR-3340--Spatial_Audio_I/Images/Surround__Recording/Surround__Recording__Microphone_Spacing_Diagram_With_Measurements.png
DAPR-3340--Spatial_Audio_I/Images/surround-recording/using-standard-microphones-11.png	DAPR-3340--Spatial_Audio_I/Images/Surround__Recording/Surround__Recording__Facing_Bidirectional_Polar_Pattern_Diagram.png
DAPR-3340--Spatial_Audio_I/Images/surround-recording/using-standard-microphones-12.jpg	DAPR-3340--Spatial_Audio_I/Images/Surround__Recording/Surround__Recording__Using_Standard_Microphones.jpg
DAPR-3340--Spatial_Audio_I/Images/surround-recording/using-standard-microphones-13.png	DAPR-3340--Spatial_Audio_I/Images/Surround__Recording/Surround__Recording__Three_Cardioid_Front_Array_Diagram.png
DAPR-3340--Spatial_Audio_I/Images/surround-recording/using-standard-microphones-14.png	DAPR-3340--Spatial_Audio_I/Images/Surround__Recording/Surround__Recording__Cardioid_Array_With_Labeled_Distances.png
DAPR-3340--Spatial_Audio_I/Images/surround-recording/using-surround-microphones-01.jpeg	DAPR-3340--Spatial_Audio_I/Images/Surround__Recording/Surround__Recording__Rounded_Mesh_Covered_Microphone_Housing.jpg
DAPR-3340--Spatial_Audio_I/Images/surround-recording/using-surround-microphones-02.jpeg	DAPR-3340--Spatial_Audio_I/Images/Surround__Recording/Surround__Recording__Ambisonic_Microphone_With_Capsules_Exposed.jpg
DAPR-3340--Spatial_Audio_I/Images/surround-recording/using-surround-microphones-03.gif	DAPR-3340--Spatial_Audio_I/Images/Surround__Recording/Surround__Recording__Using_Surround_Microphones.gif
DAPR-3340--Spatial_Audio_I/Images/wiki-banners/boaa-lab-welcome-banner.png	DAPR-3340--Spatial_Audio_I/Images/BOAA_Lab/BOAA_Lab__Boaa_Lab_Welcome_Banner.png
DAPR-3345--Spatial_Audio_II/Images/asset-pipeline/asset-pipeline-team-room-banner.jpg	DAPR-3345--Spatial_Audio_II/Images/Asset_Pipeline/Asset_Pipeline__Team_Room_Banner.jpg
DAPR-3345--Spatial_Audio_II/Images/dolby-certification/dolby-certification-atmos-room-banner-01.jpg	DAPR-3345--Spatial_Audio_II/Images/Dolby_Certification/Dolby_Certification__Atmos_Room_Banner.jpg
DAPR-3345--Spatial_Audio_II/Images/final-project/final-project-playable-build-banner-01.jpg	DAPR-3345--Spatial_Audio_II/Images/Final_Project/Final_Project__Player_at_Monitor_in_Dark_Room.jpg
DAPR-3345--Spatial_Audio_II/Images/final-project/final-project-playable-build-banner-02.jpg	DAPR-3345--Spatial_Audio_II/Images/Final_Project/Final_Project__Player_at_Monitor_in_Lamplit_Room.jpg
DAPR-3345--Spatial_Audio_II/Images/final-project/final-project-study-guide-banner.jpg	DAPR-3345--Spatial_Audio_II/Images/Final_Project/Final_Project__Study_Guide_Banner.jpg
DAPR-3345--Spatial_Audio_II/Images/fmod/fmod-implementation-desk-banner.jpg	DAPR-3345--Spatial_Audio_II/Images/FMOD/FMOD__Implementation_Desk_Banner.jpg
DAPR-3345--Spatial_Audio_II/Images/implementation/implementation-emitter-trigger-zone.jpg	DAPR-3345--Spatial_Audio_II/Images/Implementation/Implementation__Emitter_Trigger_Zone.jpg
DAPR-3345--Spatial_Audio_II/Images/implementation/implementation-listener-placement.jpg	DAPR-3345--Spatial_Audio_II/Images/Implementation/Implementation__Listener_Placement.jpg
DAPR-3345--Spatial_Audio_II/Images/interactive-audio/interactive-audio-cone-of-confusion.jpg	DAPR-3345--Spatial_Audio_II/Images/Interactive_Audio/Interactive_Audio__Cone_of_Confusion.jpg
DAPR-3345--Spatial_Audio_II/Images/interactive-audio/interactive-audio-distance-minimum-and-maximum.jpg	DAPR-3345--Spatial_Audio_II/Images/Interactive_Audio/Interactive_Audio__Distance_Minimum_and_Maximum.jpg
DAPR-3345--Spatial_Audio_II/Images/interactive-audio/interactive-audio-linear-versus-branching.jpg	DAPR-3345--Spatial_Audio_II/Images/Interactive_Audio/Interactive_Audio__Linear_versus_Branching.jpg
DAPR-3345--Spatial_Audio_II/Images/interactive-audio/interactive-audio-obstruction-versus-occlusion.jpg	DAPR-3345--Spatial_Audio_II/Images/Interactive_Audio/Interactive_Audio__Obstruction_versus_Occlusion.jpg
DAPR-3345--Spatial_Audio_II/Images/interactive-audio/interactive-audio-rooms-and-portals.jpg	DAPR-3345--Spatial_Audio_II/Images/Interactive_Audio/Interactive_Audio__Rooms_and_Portals.jpg
DAPR-3345--Spatial_Audio_II/Images/interactive-audio/interactive-audio-signal-chain-handoff.jpg	DAPR-3345--Spatial_Audio_II/Images/Interactive_Audio/Interactive_Audio__Signal_Chain_Handoff.jpg
DAPR-3345--Spatial_Audio_II/Images/interactive-audio/interactive-audio-workstation-banner.jpg	DAPR-3345--Spatial_Audio_II/Images/Interactive_Audio/Interactive_Audio__Workstation_Banner.jpg
DAPR-3345--Spatial_Audio_II/Images/interactive-mix/interactive-mix-controller-position-banner.jpg	DAPR-3345--Spatial_Audio_II/Images/Interactive_Mix/Interactive_Mix__Controller_Position_Banner.jpg
DAPR-3345--Spatial_Audio_II/Images/spatial-recording/spatial-recording-concert-hall-rig-banner-01.jpg	DAPR-3345--Spatial_Audio_II/Images/Spatial_Recording/Spatial_Recording__Frontal_Stage_View_with_Microphone_Tree.jpg
DAPR-3345--Spatial_Audio_II/Images/spatial-recording/spatial-recording-concert-hall-rig-banner-02.jpg	DAPR-3345--Spatial_Audio_II/Images/Spatial_Recording/Spatial_Recording__Angled_Stage_View_with_Boom_Array.jpg
DAPR-3345--Spatial_Audio_II/Images/variation/variation-layered-recombination.jpg	DAPR-3345--Spatial_Audio_II/Images/Variation/Variation__Layered_Recombination.jpg
DAPR-3345--Spatial_Audio_II/Images/variation/variation-randomization-dimensions-banner-01.jpg	DAPR-3345--Spatial_Audio_II/Images/Variation/Variation__Randomization_Dimensions_Banner.jpg
DAPR-3345--Spatial_Audio_II/Images/voice-budget/voice-budget-crowded-scene-banner.jpg	DAPR-3345--Spatial_Audio_II/Images/Voice_Budget/Voice_Budget__Crowded_Scene_Banner.jpg
DAPR-3345--Spatial_Audio_II/Images/voice-budget/voice-budget-virtual-voices.jpg	DAPR-3345--Spatial_Audio_II/Images/Voice_Budget/Voice_Budget__Virtual_Voices.jpg
